year, month, day, hour, minute, second, I total up North [MA], I total down North [MA], I day up North [MA], I day down North [MA], I night up North [MA], I night down North [MA], I total up South [MA], I total down South [MA], I day up South [MA], I day down South [MA] I night up South [MA], I night down South [MA]
2017 09 07 00 00 00     0.33   -0.65    0.25   -0.23    0.08   -0.42    1.11   -1.32    0.55   -0.78    0.56   -0.54
2017 09 07 00 02 00  9999.00 9999.00 9999.00 9999.00 9999.00 9999.00    1.14   -1.29    0.71   -0.89    0.42   -0.40
2017 09 07 00 04 00  9999.00 9999.00 9999.00 9999.00 9999.00 9999.00    1.12   -1.31    0.71   -0.87    0.41   -0.45
2017 09 07 00 06 00  9999.00 9999.00 9999.00 9999.00 9999.00 9999.00    1.07   -1.02    0.57   -0.71    0.49   -0.31
2017 09 07 00 08 00  9999.00 9999.00 9999.00 9999.00 9999.00 9999.00    1.06   -1.00    0.57   -0.67    0.48   -0.33
2017 09 07 00 10 00  9999.00 9999.00 9999.00 9999.00 9999.00 9999.00    1.18   -1.38    0.65   -0.93    0.53   -0.45
2017 09 07 00 12 00     1.89   -1.88    1.02   -1.05    0.88   -0.84    1.14   -1.38    0.57   -0.71    0.57   -0.67
2017 09 07 00 14 00     1.73   -1.71    0.96   -1.05    0.77   -0.67    1.16   -1.42    0.52   -0.73    0.64   -0.69
2017 09 07 00 16 00     1.74   -1.62    1.07   -0.98    0.67   -0.63    1.14   -1.43    0.48   -0.74    0.66   -0.69
2017 09 07 00 18 00     1.77   -1.86    1.18   -1.27    0.59   -0.59    0.93   -1.48    0.35   -0.74    0.58   -0.74
2017 09 07 00 20 00     2.00   -1.97    1.12   -1.32    0.88   -0.64    1.16   -1.48    0.54   -0.72    0.62   -0.76
2017 09 07 00 22 00     1.90   -2.06    1.16   -1.42    0.74   -0.64    1.07   -1.49    0.57   -0.72    0.50   -0.76
2017 09 07 00 24 00     1.89   -2.09    1.11   -1.44    0.78   -0.65    1.26   -1.62    0.60   -0.83    0.66   -0.79
2017 09 07 00 26 00     1.92   -2.18    1.22   -1.49    0.70   -0.69    1.17   -1.54    0.55   -0.73    0.62   -0.81
2017 09 07 00 28 00     2.03   -2.23    1.39   -1.59    0.64   -0.64    1.49   -1.83    0.80   -0.94    0.69   -0.89
2017 09 07 00 30 00     1.95   -2.15    1.29   -1.59    0.66   -0.56    1.32   -1.70    0.62   -0.85    0.69   -0.85
2017 09 07 00 32 00     2.07   -2.03    1.29   -1.36    0.78   -0.66    1.39   -1.60    0.62   -0.75    0.77   -0.85
2017 09 07 00 34 00     1.77   -1.87    1.19   -1.25    0.58   -0.62    1.31   -1.82    0.56   -0.97    0.75   -0.85
2017 09 07 00 36 00     1.93   -1.95    1.13   -1.21    0.80   -0.74    1.65   -2.07    1.01   -1.31    0.64   -0.76
2017 09 07 00 38 00     1.75   -1.83    1.00   -1.06    0.75   -0.77    1.91   -2.35    1.29   -1.74    0.62   -0.61
2017 09 07 00 40 00     1.92   -2.05    1.17   -1.22    0.75   -0.83    1.72   -2.16    1.21   -1.63    0.50   -0.53
2017 09 07 00 42 00     1.68   -2.03    0.99   -1.28    0.68   -0.75    1.93   -2.36    1.31   -1.69    0.62   -0.67
2017 09 07 00 44 00     1.80   -2.00    1.14   -1.27    0.67   -0.72    1.83   -2.24    1.16   -1.53    0.67   -0.71
2017 09 07 00 46 00     1.84   -2.01    1.29   -1.38    0.55   -0.62    1.08   -1.44    0.52   -0.85    0.56   -0.59
2017 09 07 00 48 00     1.78   -2.00    1.18   -1.40    0.60   -0.60    1.07   -1.34    0.46   -0.77    0.60   -0.57
2017 09 07 00 50 00     1.63   -2.08    1.17   -1.51    0.46   -0.58    1.08   -1.22    0.51   -0.64    0.57   -0.58
2017 09 07 00 52 00     1.48   -1.79    1.07   -1.34    0.41   -0.44    0.96   -1.21    0.39   -0.63    0.57   -0.58
2017 09 07 00 54 00     1.53   -1.86    1.16   -1.42    0.38   -0.45    1.16   -1.56    0.63   -0.97    0.53   -0.59
2017 09 07 00 56 00     1.57   -1.81    1.19   -1.45    0.37   -0.36    1.37   -1.55    0.91   -1.11    0.46   -0.44
2017 09 07 00 58 00     1.50   -1.77    1.18   -1.46    0.33   -0.32    1.37   -1.73    1.00   -1.17    0.37   -0.57
2017 09 07 01 00 00     1.41   -1.62    1.05   -1.28    0.37   -0.34    1.43   -1.86    1.01   -1.15    0.42   -0.71
2017 09 07 01 02 00     1.45   -1.65    1.00   -1.15    0.46   -0.50    1.56   -1.67    1.03   -1.03    0.53   -0.64
2017 09 07 01 04 00     1.66   -1.92    1.27   -1.36    0.39   -0.56    1.31   -1.35    0.73   -0.71    0.59   -0.64
2017 09 07 01 06 00     1.42   -1.79    1.02   -1.09    0.40   -0.70    1.33   -1.42    0.78   -0.74    0.55   -0.68
2017 09 07 01 08 00     1.63   -1.81    1.16   -1.13    0.47   -0.68    1.56   -1.66    0.89   -0.99    0.67   -0.67
2017 09 07 01 10 00     1.40   -1.58    0.98   -0.93    0.42   -0.65    1.44   -1.34    0.74   -0.77    0.70   -0.57
2017 09 07 01 12 00     1.57   -1.56    1.14   -1.02    0.42   -0.54    1.35   -1.45    0.77   -0.85    0.58   -0.59
2017 09 07 01 14 00     1.46   -1.53    1.08   -1.06    0.38   -0.47    1.19   -1.40    0.66   -0.75    0.53   -0.65
2017 09 07 01 16 00     1.56   -1.62    1.16   -1.21    0.40   -0.41    1.28   -1.22    0.71   -0.71    0.58   -0.51
2017 09 07 01 18 00     1.39   -1.57    1.05   -1.24    0.34   -0.33    1.17   -1.04    0.72   -0.69    0.45   -0.36
2017 09 07 01 20 00     1.58   -1.96    1.21   -1.54    0.37   -0.42    1.27   -1.24    0.68   -0.80    0.59   -0.45
2017 09 07 01 22 00     1.54   -1.72    1.16   -1.31    0.37   -0.41    1.44   -1.58    0.82   -1.16    0.62   -0.42
2017 09 07 01 24 00     1.58   -1.78    1.17   -1.30    0.41   -0.49    1.57   -1.61    0.94   -1.16    0.63   -0.45
2017 09 07 01 26 00     1.60   -1.85    1.28   -1.39    0.32   -0.47    1.56   -1.81    1.01   -1.16    0.55   -0.65
2017 09 07 01 28 00     1.53   -1.85    1.23   -1.33    0.30   -0.52    1.57   -1.81    1.11   -1.25    0.46   -0.56
2017 09 07 01 30 00     1.73   -1.92    1.33   -1.35    0.39   -0.57    1.93   -2.07    1.30   -1.42    0.63   -0.65
2017 09 07 01 32 00     1.47   -1.87    1.16   -1.37    0.31   -0.50    1.95   -2.13    1.37   -1.47    0.58   -0.66
2017 09 07 01 34 00     1.75   -1.97    1.37   -1.55    0.38   -0.42    1.98   -2.13    1.48   -1.55    0.51   -0.59
2017 09 07 01 36 00     1.77   -1.78    1.36   -1.42    0.41   -0.35    1.52   -1.87    1.07   -1.31    0.45   -0.56
2017 09 07 01 38 00     1.71   -1.76    1.36   -1.42    0.36   -0.35    1.37   -1.84    0.87   -1.17    0.50   -0.67
2017 09 07 01 40 00     1.78   -1.76    1.37   -1.47    0.40   -0.29    1.02   -1.29    0.59   -0.66    0.43   -0.63
2017 09 07 01 42 00     1.65   -1.69    1.28   -1.41    0.37   -0.28    1.22   -1.45    0.90   -0.93    0.32   -0.52
2017 09 07 01 44 00     1.67   -1.74    1.34   -1.39    0.34   -0.35    1.39   -1.53    0.92   -0.92    0.47   -0.61
2017 09 07 01 46 00     1.79   -1.65    1.33   -1.47    0.46   -0.19    1.40   -1.51    0.92   -0.92    0.48   -0.59
2017 09 07 01 48 00     1.84   -2.09    1.51   -1.70    0.34   -0.39    1.38   -1.55    0.98   -1.03    0.40   -0.53
2017 09 07 01 50 00     1.60   -2.10    1.37   -1.71    0.24   -0.39    1.35   -1.44    0.80   -0.85    0.56   -0.58
2017 09 07 01 52 00     1.93   -2.18    1.35   -1.60    0.58   -0.58    1.28   -1.50    0.85   -0.95    0.43   -0.55
2017 09 07 01 54 00     1.97   -2.19    1.25   -1.54    0.72   -0.65    1.49   -1.82    0.87   -1.03    0.62   -0.79
2017 09 07 01 56 00     1.92   -1.95    1.20   -1.36    0.72   -0.58    1.27   -1.53    0.71   -0.83    0.56   -0.69
2017 09 07 01 58 00     1.82   -2.05    1.17   -1.39    0.65   -0.67    1.29   -1.71    0.67   -0.80    0.63   -0.91
2017 09 07 02 00 00     1.68   -1.97    1.05   -1.37    0.63   -0.60    1.40   -1.88    0.71   -0.99    0.69   -0.89
2017 09 07 02 02 00     1.58   -1.86    1.01   -1.28    0.57   -0.58    1.17   -1.41    0.57   -0.60    0.59   -0.80
2017 09 07 02 04 00     1.64   -1.93    0.97   -1.39    0.66   -0.55    1.00   -1.26    0.51   -0.62    0.49   -0.64
2017 09 07 02 06 00     1.72   -1.85    0.98   -1.28    0.73   -0.57    0.96   -1.10    0.54   -0.61    0.42   -0.49
2017 09 07 02 08 00     1.54   -1.70    0.79   -1.13    0.75   -0.58    1.26   -1.22    0.76   -0.72    0.50   -0.50
2017 09 07 02 10 00     1.71   -1.80    0.91   -1.20    0.79   -0.60    1.10   -1.02    0.57   -0.59    0.53   -0.43
2017 09 07 02 12 00     1.85   -2.07    1.22   -1.47    0.63   -0.60    1.13   -1.41    0.54   -0.87    0.59   -0.53
2017 09 07 02 14 00     1.59   -1.62    1.06   -1.21    0.53   -0.41    1.31   -1.34    0.60   -0.77    0.71   -0.57
2017 09 07 02 16 00     1.69   -1.94    1.12   -1.37    0.57   -0.57    1.07   -0.97    0.63   -0.50    0.44   -0.47
2017 09 07 02 18 00     1.74   -1.85    1.16   -1.23    0.58   -0.63    0.71   -0.78    0.49   -0.47    0.22   -0.30
2017 09 07 02 20 00     1.61   -1.62    1.07   -1.15    0.54   -0.47    0.74   -0.80    0.46   -0.48    0.28   -0.33
2017 09 07 02 22 00     1.36   -1.63    0.87   -1.02    0.49   -0.61    0.83   -0.91    0.56   -0.61    0.27   -0.30
2017 09 07 02 24 00     1.33   -1.71    0.97   -1.13    0.36   -0.58    1.18   -1.35    0.86   -1.03    0.32   -0.32
2017 09 07 02 26 00     1.38   -1.70    1.03   -1.24    0.35   -0.46    1.31   -1.33    0.77   -1.03    0.54   -0.30
2017 09 07 02 28 00     1.35   -1.68    0.99   -1.20    0.36   -0.48    1.00   -1.02    0.58   -0.66    0.43   -0.36
2017 09 07 02 30 00     1.45   -1.82    1.03   -1.29    0.42   -0.53    1.33   -1.31    0.84   -0.83    0.50   -0.47
2017 09 07 02 32 00     1.42   -1.62    0.95   -1.21    0.46   -0.41    1.28   -1.27    0.72   -0.72    0.57   -0.55
2017 09 07 02 34 00     1.43   -1.53    1.02   -1.13    0.41   -0.40    1.37   -1.51    0.81   -0.87    0.56   -0.63
2017 09 07 02 36 00     1.73   -1.84    1.21   -1.42    0.51   -0.42    1.40   -1.48    0.78   -0.82    0.62   -0.66
2017 09 07 02 38 00     1.63   -1.77    1.14   -1.36    0.48   -0.40    1.64   -1.76    1.05   -1.12    0.59   -0.63
2017 09 07 02 40 00     2.03   -2.32    1.43   -1.70    0.60   -0.62    1.79   -1.73    1.07   -1.11    0.72   -0.63
2017 09 07 02 42 00     2.18   -2.22    1.50   -1.67    0.69   -0.55    1.49   -1.50    0.89   -1.01    0.60   -0.49
2017 09 07 02 44 00     2.22   -2.18    1.52   -1.57    0.70   -0.61    1.51   -1.50    0.93   -1.05    0.57   -0.44
2017 09 07 02 46 00     2.04   -2.13    1.37   -1.47    0.67   -0.66    1.53   -1.72    0.88   -1.06    0.65   -0.66
2017 09 07 02 48 00     2.01   -2.25    1.42   -1.68    0.58   -0.57    1.40   -1.75    0.83   -1.09    0.57   -0.66
2017 09 07 02 50 00     1.86   -2.20    1.33   -1.61    0.53   -0.59    1.61   -2.05    0.85   -1.26    0.76   -0.79
2017 09 07 02 52 00     1.97   -2.36    1.42   -1.80    0.55   -0.56    1.31   -1.81    0.73   -1.09    0.58   -0.73
2017 09 07 02 54 00     2.00   -2.30    1.47   -1.73    0.53   -0.56    1.50   -1.72    0.84   -1.03    0.66   -0.69
2017 09 07 02 56 00     1.95   -2.35    1.36   -1.79    0.59   -0.56    1.57   -1.71    0.92   -1.10    0.65   -0.61
2017 09 07 02 58 00     1.73   -2.10    1.22   -1.53    0.51   -0.57    1.52   -1.67    0.80   -1.05    0.72   -0.62
2017 09 07 03 00 00     1.70   -2.03    1.23   -1.43    0.46   -0.59    1.99   -2.12    1.12   -1.36    0.87   -0.76
2017 09 07 03 02 00     1.74   -2.04    1.22   -1.44    0.51   -0.60    1.68   -2.00    0.81   -1.12    0.87   -0.88
2017 09 07 03 04 00     1.83   -2.09    1.21   -1.46    0.63   -0.63    1.66   -1.98    0.78   -1.13    0.88   -0.84
2017 09 07 03 06 00     1.76   -2.02    1.24   -1.48    0.53   -0.54    2.12   -2.38    1.37   -1.48    0.75   -0.90
2017 09 07 03 08 00     1.94   -2.16    1.49   -1.60    0.45   -0.56    2.21   -2.36    1.35   -1.34    0.87   -1.02
2017 09 07 03 10 00     1.90   -2.06    1.38   -1.37    0.52   -0.69    2.40   -2.68    1.68   -1.64    0.73   -1.05
2017 09 07 03 12 00     1.97   -2.33    1.55   -1.66    0.41   -0.67    2.20   -2.29    1.39   -1.22    0.81   -1.07
2017 09 07 03 14 00     2.41   -2.43    1.63   -1.63    0.78   -0.80    2.33   -2.33    1.28   -1.08    1.05   -1.25
2017 09 07 03 16 00     2.72   -2.68    1.77   -1.86    0.95   -0.82    2.39   -2.37    1.40   -1.19    0.99   -1.17
2017 09 07 03 18 00     2.42   -2.54    1.53   -1.67    0.89   -0.88    2.40   -2.38    1.30   -1.12    1.09   -1.26
2017 09 07 03 20 00     2.55   -2.62    1.65   -1.64    0.90   -0.97    2.22   -2.25    1.08   -1.02    1.14   -1.22
2017 09 07 03 22 00     2.64   -2.69    1.67   -1.70    0.97   -0.99    2.19   -2.28    0.97   -0.92    1.22   -1.36
2017 09 07 03 24 00     3.05   -3.14    1.73   -1.83    1.32   -1.31    2.26   -2.34    0.96   -0.88    1.30   -1.46
2017 09 07 03 26 00     2.74   -2.91    1.61   -1.63    1.14   -1.28    2.44   -2.47    0.96   -0.91    1.48   -1.56
2017 09 07 03 28 00     3.07   -3.14    1.75   -1.83    1.32   -1.31    2.30   -2.34    0.91   -1.00    1.38   -1.34
2017 09 07 03 30 00     3.18   -3.44    1.92   -2.06    1.26   -1.38    2.73   -2.93    0.99   -1.10    1.75   -1.82
2017 09 07 03 32 00     3.23   -3.64    1.79   -2.08    1.44   -1.56    2.67   -2.81    0.95   -1.14    1.73   -1.67
2017 09 07 03 34 00     2.99   -3.47    1.60   -1.96    1.40   -1.50    3.04   -3.15    1.32   -1.38    1.72   -1.77
2017 09 07 03 36 00     3.17   -3.65    1.56   -1.94    1.61   -1.71    3.26   -3.46    1.51   -1.60    1.75   -1.86
2017 09 07 03 38 00     3.41   -3.62    1.58   -1.87    1.83   -1.75    3.59   -4.01    1.57   -1.88    2.02   -2.12
2017 09 07 03 40 00     3.49   -3.72    1.75   -1.98    1.75   -1.74    3.58   -3.82    1.56   -1.72    2.03   -2.10
2017 09 07 03 42 00     3.85   -3.95    1.84   -2.04    2.02   -1.91    3.59   -3.94    1.49   -1.72    2.10   -2.22
2017 09 07 03 44 00     3.80   -3.93    1.81   -1.94    2.00   -1.98    3.76   -3.96    1.63   -1.72    2.13   -2.24
2017 09 07 03 46 00     3.71   -3.91    1.85   -2.13    1.86   -1.78    3.71   -3.95    1.70   -1.82    2.02   -2.12
2017 09 07 03 48 00     3.64   -3.88    2.06   -2.25    1.57   -1.63    4.15   -4.41    1.97   -2.14    2.17   -2.26
2017 09 07 03 50 00     4.10   -4.25    2.35   -2.56    1.76   -1.69    3.90   -4.17    1.94   -2.06    1.96   -2.10
2017 09 07 03 52 00     4.58   -4.97    2.79   -3.22    1.79   -1.75    4.50   -4.62    2.40   -2.53    2.10   -2.09
2017 09 07 03 54 00     4.96   -5.14    2.81   -3.06    2.15   -2.08    4.33   -4.46    2.32   -2.48    2.01   -1.98
2017 09 07 03 56 00     5.08   -5.03    2.98   -3.18    2.10   -1.86    4.51   -4.68    2.51   -2.61    2.00   -2.06
2017 09 07 03 58 00     5.14   -4.86    3.04   -3.08    2.10   -1.79    4.07   -4.36    2.32   -2.50    1.74   -1.86
2017 09 07 04 00 00     5.32   -5.09    2.94   -2.92    2.38   -2.17    4.37   -4.57    2.37   -2.37    2.00   -2.20
2017 09 07 04 02 00     5.01   -5.18    2.83   -3.21    2.18   -1.97    3.92   -4.09    2.17   -2.32    1.75   -1.77
2017 09 07 04 04 00     5.16   -5.40    2.94   -3.41    2.21   -1.99    3.49   -3.72    1.74   -1.94    1.76   -1.78
2017 09 07 04 06 00     5.00   -5.47    2.69   -3.25    2.31   -2.22    3.89   -3.94    2.19   -2.21    1.70   -1.73
2017 09 07 04 08 00     4.79   -5.29    2.51   -3.05    2.28   -2.24    3.80   -3.76    2.11   -2.10    1.69   -1.66
2017 09 07 04 10 00     4.48   -4.64    2.37   -2.56    2.11   -2.09    3.46   -3.53    1.75   -1.89    1.71   -1.63
2017 09 07 04 12 00     4.44   -4.62    2.40   -2.50    2.04   -2.12    3.61   -3.73    1.88   -1.94    1.73   -1.80
2017 09 07 04 14 00     4.54   -4.47    2.54   -2.61    2.00   -1.86    3.50   -3.84    1.72   -1.91    1.78   -1.92
2017 09 07 04 16 00     4.31   -4.42    2.44   -2.57    1.87   -1.85    3.51   -3.78    1.87   -1.90    1.64   -1.87
2017 09 07 04 18 00     4.86   -5.17    2.69   -2.98    2.17   -2.19    3.70   -3.99    1.64   -1.83    2.06   -2.16
2017 09 07 04 20 00     4.43   -4.69    2.47   -2.79    1.96   -1.90    3.47   -3.65    1.45   -1.69    2.02   -1.96
2017 09 07 04 22 00     4.21   -4.51    2.39   -2.69    1.82   -1.82    3.21   -3.39    1.46   -1.58    1.76   -1.81
2017 09 07 04 24 00     4.56   -4.86    2.49   -2.79    2.07   -2.06    3.76   -3.91    1.81   -1.94    1.94   -1.97
2017 09 07 04 26 00     4.10   -4.28    2.49   -2.67    1.62   -1.61    3.60   -3.63    1.54   -1.69    2.06   -1.94
2017 09 07 04 28 00     3.44   -3.62    2.06   -2.24    1.37   -1.38    4.15   -4.29    1.89   -2.25    2.26   -2.03
2017 09 07 04 30 00     3.39   -3.67    2.09   -2.30    1.30   -1.37    3.62   -3.80    1.80   -2.08    1.82   -1.73
2017 09 07 04 32 00     3.50   -3.70    2.16   -2.40    1.33   -1.30    3.74   -3.94    1.92   -2.28    1.81   -1.66
2017 09 07 04 34 00     4.42   -4.51    2.27   -2.43    2.15   -2.08    3.29   -3.60    1.46   -1.90    1.83   -1.70
2017 09 07 04 36 00     4.63   -4.82    2.03   -2.27    2.60   -2.55    4.09   -4.23    1.64   -2.03    2.45   -2.20
2017 09 07 04 38 00     4.68   -4.62    2.25   -2.31    2.43   -2.31    4.28   -4.00    1.77   -1.84    2.50   -2.16
2017 09 07 04 40 00     4.69   -4.68    2.27   -2.32    2.41   -2.36    4.81   -4.42    1.81   -1.85    3.00   -2.57
2017 09 07 04 42 00     4.91   -4.73    2.44   -2.35    2.46   -2.38    4.47   -4.52    1.66   -1.79    2.81   -2.73
2017 09 07 04 44 00     4.02   -4.09    2.14   -2.26    1.88   -1.82    4.54   -4.82    1.64   -2.02    2.90   -2.79
2017 09 07 04 46 00     3.94   -4.01    2.26   -2.36    1.68   -1.64    4.35   -4.37    1.53   -1.62    2.82   -2.75
2017 09 07 04 48 00     3.89   -4.11    2.34   -2.46    1.56   -1.65    4.17   -4.21    1.57   -1.70    2.60   -2.51
2017 09 07 04 50 00     3.75   -3.86    2.14   -2.29    1.60   -1.57    4.27   -4.40    1.78   -1.96    2.49   -2.44
2017 09 07 04 52 00     3.94   -4.20    2.02   -2.18    1.92   -2.02    5.00   -4.99    2.17   -2.26    2.83   -2.73
2017 09 07 04 54 00     3.63   -3.65    2.40   -2.24    1.24   -1.41    4.75   -4.79    2.20   -2.15    2.56   -2.64
2017 09 07 04 56 00     4.70   -5.01    3.10   -3.04    1.60   -1.97    4.56   -4.87    1.87   -2.00    2.69   -2.86
2017 09 07 04 58 00     4.54   -4.48    2.97   -2.82    1.57   -1.66    4.70   -5.08    1.80   -2.00    2.90   -3.08
2017 09 07 05 00 00     5.50   -5.56    3.10   -3.20    2.40   -2.37    4.64   -4.75    1.73   -1.90    2.91   -2.85
2017 09 07 05 02 00     5.94   -5.96    3.22   -3.23    2.72   -2.73    5.15   -5.26    2.06   -2.23    3.09   -3.03
2017 09 07 05 04 00     6.10   -6.10    3.22   -3.31    2.87   -2.78    5.82   -5.88    2.57   -2.85    3.26   -3.03
2017 09 07 05 06 00     6.01   -6.04    3.10   -3.16    2.92   -2.87    5.70   -5.65    2.38   -2.56    3.32   -3.09
2017 09 07 05 08 00     6.25   -6.43    3.21   -3.32    3.04   -3.10    5.86   -6.05    2.38   -2.79    3.47   -3.27
2017 09 07 05 10 00     6.50   -6.22    3.69   -3.63    2.81   -2.59    6.06   -6.45    2.58   -2.95    3.48   -3.51
2017 09 07 05 12 00     7.02   -6.81    4.04   -4.08    2.98   -2.73    6.24   -6.71    2.31   -2.89    3.93   -3.83
2017 09 07 05 14 00     6.93   -6.75    3.78   -3.94    3.15   -2.81    6.91   -7.28    2.87   -3.29    4.04   -3.99
2017 09 07 05 16 00     8.51   -8.34    4.91   -4.97    3.60   -3.37    7.19   -7.38    3.04   -3.34    4.15   -4.04
2017 09 07 05 18 00     8.04   -8.05    4.63   -4.78    3.42   -3.27    7.03   -7.12    3.03   -3.23    3.99   -3.89
2017 09 07 05 20 00     7.49   -7.69    4.43   -4.70    3.07   -2.99    6.81   -7.24    2.78   -3.37    4.03   -3.87
2017 09 07 05 22 00     7.79   -7.92    4.43   -4.73    3.36   -3.20    6.79   -7.20    2.84   -3.49    3.95   -3.72
2017 09 07 05 24 00     7.81   -7.96    4.59   -4.74    3.22   -3.21    7.13   -7.28    2.95   -3.26    4.18   -4.02
2017 09 07 05 26 00     7.30   -7.04    4.16   -4.11    3.14   -2.93    6.77   -6.93    2.91   -3.19    3.86   -3.75
2017 09 07 05 28 00     7.13   -7.15    3.90   -4.01    3.23   -3.14    6.64   -6.85    2.72   -3.00    3.92   -3.86
2017 09 07 05 30 00     8.37   -8.42    4.44   -4.59    3.93   -3.83    6.91   -6.94    2.72   -2.97    4.19   -3.97
2017 09 07 05 32 00     8.36   -8.47    4.56   -4.72    3.80   -3.75    6.33   -6.40    2.42   -2.81    3.91   -3.59
2017 09 07 05 34 00     8.37   -8.21    4.60   -4.58    3.77   -3.64    6.37   -6.29    2.49   -2.85    3.88   -3.43
2017 09 07 05 36 00     8.21   -8.15    4.28   -4.42    3.93   -3.73    6.28   -6.02    2.54   -2.71    3.74   -3.31
2017 09 07 05 38 00     8.01   -8.16    3.93   -4.27    4.08   -3.89    6.33   -6.21    2.49   -2.77    3.84   -3.44
2017 09 07 05 40 00     7.20   -7.09    3.57   -3.72    3.63   -3.36    5.89   -5.68    2.19   -2.27    3.71   -3.41
2017 09 07 05 42 00     7.01   -6.71    3.54   -3.59    3.47   -3.12    5.75   -5.61    2.18   -2.45    3.56   -3.16
2017 09 07 05 44 00     6.93   -6.74    3.37   -3.51    3.56   -3.23    5.55   -5.54    2.05   -2.46    3.49   -3.08
2017 09 07 05 46 00     7.15   -7.18    3.55   -3.80    3.60   -3.38    5.44   -5.29    2.07   -2.38    3.37   -2.91
2017 09 07 05 48 00     5.93   -6.21    2.82   -3.25    3.11   -2.95    5.52   -5.41    2.31   -2.58    3.21   -2.84
2017 09 07 05 50 00     5.87   -6.18    2.81   -3.22    3.05   -2.96    5.44   -5.48    2.32   -2.74    3.12   -2.74
2017 09 07 05 52 00     6.16   -6.29    3.11   -3.26    3.04   -3.04    5.90   -5.65    2.59   -2.88    3.31   -2.77
2017 09 07 05 54 00     5.75   -5.92    2.77   -2.92    2.98   -3.00    5.91   -5.47    2.45   -2.53    3.46   -2.93
2017 09 07 05 56 00     5.61   -5.56    2.76   -2.86    2.84   -2.70    5.59   -5.12    2.53   -2.60    3.06   -2.51
2017 09 07 05 58 00     5.56   -5.58    2.78   -2.94    2.78   -2.65    5.19   -4.97    2.25   -2.48    2.94   -2.49
2017 09 07 06 00 00     5.49   -5.49    2.83   -3.03    2.66   -2.46    5.07   -4.72    2.13   -2.31    2.94   -2.41
2017 09 07 06 02 00     5.17   -5.41    2.60   -2.77    2.57   -2.63    4.85   -4.70    2.00   -2.24    2.84   -2.45
2017 09 07 06 04 00     5.38   -5.70    2.78   -3.03    2.60   -2.66    4.67   -4.59    1.93   -2.23    2.75   -2.35
2017 09 07 06 06 00     5.05   -5.02    2.74   -2.81    2.31   -2.21    4.47   -4.13    1.97   -2.12    2.50   -2.02
2017 09 07 06 08 00     4.88   -4.58    2.73   -2.61    2.15   -1.97    4.27   -4.29    1.89   -2.13    2.39   -2.16
2017 09 07 06 10 00     4.61   -4.45    2.69   -2.61    1.92   -1.84    3.87   -3.69    1.53   -1.71    2.34   -1.97
2017 09 07 06 12 00     4.43   -4.33    2.48   -2.45    1.96   -1.88    3.70   -3.83    1.51   -1.86    2.19   -1.97
2017 09 07 06 14 00     4.31   -4.00    2.31   -2.22    2.00   -1.78    3.74   -3.88    1.49   -2.01    2.25   -1.87
2017 09 07 06 16 00     3.94   -3.69    2.08   -2.05    1.86   -1.65    3.99   -3.97    1.57   -2.12    2.42   -1.84
2017 09 07 06 18 00     4.02   -4.16    2.16   -2.54    1.86   -1.62    3.75   -3.57    1.53   -1.89    2.22   -1.68
2017 09 07 06 20 00     3.91   -4.12    2.18   -2.53    1.73   -1.59    3.23   -3.20    1.56   -1.94    1.68   -1.26
2017 09 07 06 22 00     3.97   -4.21    2.23   -2.54    1.75   -1.67    2.71   -2.91    1.26   -1.70    1.45   -1.21
2017 09 07 06 24 00     4.07   -4.12    2.16   -2.46    1.91   -1.66    2.69   -2.89    1.44   -1.76    1.25   -1.13
2017 09 07 06 26 00     3.98   -4.21    2.35   -2.62    1.63   -1.60    2.62   -2.47    1.37   -1.47    1.24   -1.00
2017 09 07 06 28 00     4.06   -3.98    2.48   -2.55    1.58   -1.43    2.43   -2.45    1.21   -1.30    1.22   -1.15
2017 09 07 06 30 00     3.95   -3.88    2.41   -2.50    1.54   -1.38    2.70   -2.78    1.53   -1.57    1.17   -1.21
2017 09 07 06 32 00     4.24   -4.22    2.43   -2.45    1.80   -1.77    2.68   -2.89    1.56   -1.63    1.12   -1.25
2017 09 07 06 34 00     4.19   -4.05    2.47   -2.38    1.72   -1.66    2.88   -2.86    1.69   -1.65    1.19   -1.22
2017 09 07 06 36 00     4.20   -3.69    2.44   -2.20    1.76   -1.49    3.09   -2.98    1.77   -1.63    1.32   -1.35
2017 09 07 06 38 00     4.82   -4.35    2.93   -2.75    1.88   -1.60    3.01   -3.31    1.73   -1.97    1.29   -1.34
2017 09 07 06 40 00     4.88   -4.60    3.07   -2.92    1.81   -1.68    3.05   -3.13    1.45   -1.61    1.60   -1.52
2017 09 07 06 42 00     5.04   -4.90    3.12   -3.16    1.91   -1.73    3.33   -3.44    1.90   -2.11    1.42   -1.33
2017 09 07 06 44 00     4.85   -4.78    3.03   -3.06    1.82   -1.72    3.46   -3.27    1.90   -1.92    1.56   -1.35
2017 09 07 06 46 00     5.45   -5.24    3.51   -3.50    1.94   -1.75    3.78   -3.75    2.17   -2.30    1.61   -1.45
2017 09 07 06 48 00     5.34   -4.92    3.39   -3.15    1.95   -1.77    3.83   -3.76    2.27   -2.39    1.55   -1.37
2017 09 07 06 50 00     5.64   -5.29    3.59   -3.53    2.05   -1.76    3.79   -3.84    2.27   -2.52    1.52   -1.33
2017 09 07 06 52 00     6.16   -5.89    3.77   -3.75    2.40   -2.14    4.11   -4.09    2.28   -2.50    1.83   -1.59
2017 09 07 06 54 00     6.44   -6.02    4.15   -3.94    2.29   -2.08    4.68   -4.46    2.53   -2.60    2.15   -1.87
2017 09 07 06 56 00     5.83   -5.84    3.80   -3.85    2.02   -1.99    4.87   -4.76    2.47   -2.74    2.39   -2.01
2017 09 07 06 58 00     5.44   -5.35    3.66   -3.56    1.78   -1.79    4.71   -4.38    2.37   -2.49    2.35   -1.89
2017 09 07 07 00 00     5.79   -5.69    3.60   -3.77    2.18   -1.92    4.93   -4.61    2.55   -2.65    2.37   -1.96
2017 09 07 07 02 00     6.12   -6.02    3.56   -3.82    2.56   -2.21    4.55   -4.38    2.22   -2.39    2.33   -1.99
2017 09 07 07 04 00     6.06   -6.09    3.45   -3.80    2.61   -2.29    4.48   -4.53    2.28   -2.76    2.20   -1.77
2017 09 07 07 06 00     6.20   -6.04    3.54   -3.81    2.66   -2.23    4.07   -4.21    2.18   -2.56    1.89   -1.64
2017 09 07 07 08 00     6.01   -6.00    3.36   -3.70    2.64   -2.31    4.24   -4.46    2.40   -2.90    1.84   -1.56
2017 09 07 07 10 00     5.90   -5.71    3.18   -3.45    2.73   -2.26    4.57   -4.59    2.61   -2.98    1.96   -1.61
2017 09 07 07 12 00     6.10   -6.19    3.52   -3.91    2.58   -2.27    4.73   -5.03    2.66   -3.36    2.07   -1.67
2017 09 07 07 14 00     6.37   -6.17    3.88   -4.30    2.49   -1.87    4.54   -4.69    2.37   -3.12    2.17   -1.57
2017 09 07 07 16 00     6.32   -6.27    3.66   -4.22    2.67   -2.06    4.78   -4.83    2.55   -3.31    2.24   -1.52
2017 09 07 07 18 00     6.14   -6.24    3.45   -4.00    2.69   -2.24    4.21   -4.43    2.05   -2.99    2.16   -1.44
2017 09 07 07 20 00     6.07   -6.37    3.50   -4.23    2.57   -2.15    4.47   -4.64    2.21   -3.07    2.27   -1.57
2017 09 07 07 22 00     6.08   -6.17    3.39   -4.01    2.70   -2.16    4.27   -4.49    2.22   -2.99    2.05   -1.50
2017 09 07 07 24 00     6.24   -6.49    3.52   -4.25    2.71   -2.24    4.30   -4.47    2.18   -2.95    2.12   -1.53
2017 09 07 07 26 00     6.22   -6.10    3.51   -3.86    2.71   -2.24    4.44   -4.65    2.24   -3.14    2.21   -1.51
2017 09 07 07 28 00     5.82   -5.87    3.18   -3.76    2.64   -2.11    4.29   -4.34    2.12   -2.81    2.17   -1.53
2017 09 07 07 30 00     5.77   -5.76    3.19   -3.78    2.59   -1.99    3.79   -3.93    1.82   -2.54    1.97   -1.40
2017 09 07 07 32 00     5.69   -5.63    3.24   -3.66    2.45   -1.97    3.87   -3.94    1.82   -2.39    2.05   -1.55
2017 09 07 07 34 00     5.52   -5.33    3.07   -3.32    2.45   -2.01    3.55   -3.57    1.82   -2.26    1.74   -1.31
2017 09 07 07 36 00     5.13   -5.08    2.86   -3.11    2.27   -1.96    3.76   -3.74    2.00   -2.28    1.76   -1.46
2017 09 07 07 38 00     5.10   -4.92    2.84   -3.03    2.26   -1.89    3.78   -3.92    1.83   -2.32    1.95   -1.60
2017 09 07 07 40 00     5.47   -5.33    3.24   -3.48    2.23   -1.85    3.66   -3.90    1.51   -2.14    2.15   -1.76
2017 09 07 07 42 00     4.99   -4.73    3.05   -3.10    1.94   -1.64    3.54   -3.67    1.67   -2.19    1.88   -1.48
2017 09 07 07 44 00     5.13   -4.94    2.98   -3.02    2.15   -1.91    3.04   -3.36    1.35   -2.05    1.69   -1.31
2017 09 07 07 46 00     4.96   -4.89    3.19   -3.20    1.77   -1.69    2.84   -2.62    1.37   -1.77    1.47   -0.85
2017 09 07 07 48 00     5.57   -5.14    3.11   -2.98    2.46   -2.16    3.22   -3.23    1.56   -2.18    1.66   -1.05
2017 09 07 07 50 00     6.24   -5.90    3.51   -3.47    2.73   -2.43    3.10   -3.20    1.47   -2.04    1.63   -1.16
2017 09 07 07 52 00     6.24   -5.87    3.46   -3.46    2.78   -2.41    3.12   -3.45    1.47   -2.20    1.65   -1.25
2017 09 07 07 54 00     6.32   -5.98    3.53   -3.55    2.79   -2.43    3.13   -3.53    1.66   -2.31    1.47   -1.23
2017 09 07 07 56 00     5.86   -5.66    3.11   -3.20    2.75   -2.46    3.35   -3.71    1.77   -2.38    1.58   -1.33
2017 09 07 07 58 00     5.95   -6.03    3.17   -3.51    2.79   -2.52    2.93   -2.93    1.65   -2.07    1.28   -0.85
2017 09 07 08 00 00     5.90   -5.89    3.09   -3.33    2.81   -2.57    3.04   -3.12    1.78   -2.22    1.26   -0.91
2017 09 07 08 02 00     5.90   -5.88    3.05   -3.28    2.86   -2.60    3.80   -3.62    1.73   -2.10    2.06   -1.52
2017 09 07 08 04 00     5.69   -5.91    2.84   -3.38    2.85   -2.53    3.97   -3.74    1.72   -2.11    2.25   -1.63
2017 09 07 08 06 00     5.85   -5.78    2.96   -3.35    2.89   -2.43    4.33   -4.23    1.91   -2.28    2.42   -1.95
2017 09 07 08 08 00     5.75   -5.59    2.98   -3.26    2.78   -2.33    4.18   -3.90    1.73   -2.13    2.45   -1.76
2017 09 07 08 10 00     5.73   -5.65    2.91   -3.30    2.83   -2.35    4.10   -4.10    1.94   -2.37    2.16   -1.73
2017 09 07 08 12 00     5.83   -5.57    2.96   -3.16    2.87   -2.41    4.11   -4.01    1.87   -2.31    2.24   -1.69
2017 09 07 08 14 00     5.93   -5.50    2.89   -2.97    3.05   -2.53    4.14   -3.88    1.80   -2.21    2.35   -1.68
2017 09 07 08 16 00     5.94   -5.62    2.94   -3.03    3.00   -2.59    3.77   -3.76    1.65   -2.11    2.12   -1.65
2017 09 07 08 18 00     6.20   -5.90    3.31   -3.57    2.89   -2.33    3.92   -3.72    1.51   -1.92    2.41   -1.80
2017 09 07 08 20 00     6.19   -5.96    3.29   -3.60    2.90   -2.36    4.79   -4.96    2.15   -2.73    2.64   -2.24
2017 09 07 08 22 00     6.47   -6.47    3.27   -3.76    3.21   -2.71    4.78   -5.10    2.21   -2.97    2.57   -2.13
2017 09 07 08 24 00     6.38   -6.32    3.37   -3.55    3.01   -2.77    4.51   -5.05    2.10   -2.83    2.41   -2.22
2017 09 07 08 26 00     6.93   -6.56    3.49   -3.64    3.44   -2.91    4.76   -5.18    2.19   -2.90    2.57   -2.28
2017 09 07 08 28 00     7.04   -6.90    3.52   -3.64    3.52   -3.26    5.11   -5.45    2.54   -3.18    2.56   -2.27
2017 09 07 08 30 00     7.10   -7.12    3.81   -4.04    3.29   -3.08    4.91   -5.07    2.37   -3.04    2.54   -2.03
2017 09 07 08 32 00     7.19   -7.25    4.07   -4.36    3.12   -2.89    5.16   -5.36    2.53   -3.25    2.62   -2.11
2017 09 07 08 34 00     7.18   -7.25    4.08   -4.42    3.10   -2.83    5.23   -5.31    2.51   -2.95    2.72   -2.36
2017 09 07 08 36 00     6.73   -6.78    3.90   -4.18    2.83   -2.60    5.38   -5.43    2.58   -2.90    2.80   -2.53
2017 09 07 08 38 00     6.69   -6.89    3.93   -4.37    2.76   -2.51    5.31   -5.42    2.58   -2.87    2.73   -2.56
2017 09 07 08 40 00     6.83   -6.64    4.09   -4.21    2.75   -2.42    5.10   -5.29    2.43   -2.74    2.67   -2.55
2017 09 07 08 42 00     7.14   -6.93    4.04   -4.21    3.10   -2.72    5.24   -5.33    2.56   -2.86    2.68   -2.47
2017 09 07 08 44 00     7.33   -7.36    4.44   -4.66    2.89   -2.69    5.27   -5.40    2.59   -2.92    2.68   -2.47
2017 09 07 08 46 00     7.34   -7.20    4.43   -4.42    2.91   -2.78    5.31   -5.42    2.70   -2.96    2.60   -2.46
2017 09 07 08 48 00     6.81   -6.83    4.13   -4.23    2.67   -2.61    5.15   -5.17    2.67   -2.88    2.48   -2.29
2017 09 07 08 50 00     6.34   -6.37    3.43   -3.62    2.91   -2.75    5.84   -6.32    3.27   -3.68    2.57   -2.64
2017 09 07 08 52 00     6.82   -6.69    3.89   -4.16    2.93   -2.53    6.51   -6.99    3.38   -3.73    3.13   -3.25
2017 09 07 08 54 00     6.83   -7.00    4.17   -4.50    2.65   -2.50    7.66   -8.06    3.44   -3.84    4.22   -4.23
2017 09 07 08 56 00     7.21   -7.07    4.33   -4.22    2.87   -2.85    7.95   -8.47    3.68   -4.37    4.28   -4.09
2017 09 07 08 58 00     7.82   -7.92    4.43   -4.49    3.39   -3.42    7.45   -7.90    3.19   -3.85    4.26   -4.05
2017 09 07 09 00 00     8.52   -8.48    4.55   -4.69    3.97   -3.80    7.35   -7.79    3.12   -3.81    4.23   -3.98
2017 09 07 09 02 00     8.08   -8.04    4.27   -4.28    3.81   -3.76    7.36   -7.65    3.08   -3.69    4.28   -3.96
2017 09 07 09 04 00     8.02   -8.10    4.22   -4.42    3.80   -3.68    7.34   -7.64    3.31   -3.85    4.03   -3.78
2017 09 07 09 06 00     8.67   -8.80    4.51   -4.63    4.16   -4.17    6.39   -6.58    3.15   -3.70    3.24   -2.88
2017 09 07 09 08 00     8.27   -8.32    4.21   -4.08    4.06   -4.24    6.96   -7.04    3.50   -3.81    3.46   -3.23
2017 09 07 09 10 00     8.58   -9.06    4.61   -4.85    3.97   -4.21    6.82   -7.05    3.54   -4.04    3.28   -3.01
2017 09 07 09 12 00     8.54   -8.72    4.91   -4.78    3.63   -3.94    6.68   -6.94    3.67   -4.18    3.01   -2.76
2017 09 07 09 14 00     8.32   -8.62    4.56   -4.61    3.76   -4.01    6.97   -7.28    3.97   -4.50    3.00   -2.78
2017 09 07 09 16 00     8.07   -8.14    4.51   -4.52    3.56   -3.62    6.20   -6.29    3.29   -3.61    2.91   -2.69
2017 09 07 09 18 00     7.86   -7.86    4.49   -4.47    3.37   -3.39    6.62   -6.50    3.17   -3.43    3.44   -3.07
2017 09 07 09 20 00     7.62   -7.90    4.30   -4.47    3.32   -3.44    6.41   -6.30    3.10   -3.21    3.30   -3.09
2017 09 07 09 22 00     7.59   -7.67    4.15   -4.18    3.44   -3.49    6.14   -5.93    2.87   -2.88    3.26   -3.05
2017 09 07 09 24 00     7.45   -7.75    4.23   -4.22    3.22   -3.53    6.70   -6.82    3.20   -3.52    3.50   -3.30
2017 09 07 09 26 00     7.11   -7.40    4.25   -4.18    2.86   -3.22    5.98   -6.11    2.69   -2.92    3.29   -3.19
2017 09 07 09 28 00     7.10   -7.22    4.14   -4.07    2.95   -3.15    5.79   -5.57    2.82   -2.78    2.97   -2.79
2017 09 07 09 30 00     6.96   -6.90    3.92   -3.87    3.03   -3.04    5.12   -4.97    2.86   -2.85    2.26   -2.12
2017 09 07 09 32 00     6.59   -6.74    3.86   -3.99    2.72   -2.75    4.92   -4.54    2.52   -2.41    2.40   -2.13
2017 09 07 09 34 00     6.57   -6.71    3.83   -4.01    2.74   -2.70    5.12   -5.02    2.76   -2.74    2.35   -2.27
2017 09 07 09 36 00     6.40   -6.16    3.83   -3.71    2.58   -2.45    4.85   -4.97    2.59   -2.65    2.27   -2.32
2017 09 07 09 38 00     5.80   -5.80    3.34   -3.23    2.46   -2.58    4.45   -4.50    2.45   -2.64    2.01   -1.86
2017 09 07 09 40 00     6.00   -6.19    3.42   -3.51    2.58   -2.68    4.70   -4.71    2.49   -2.71    2.21   -2.00
2017 09 07 09 42 00     5.80   -6.25    3.12   -3.45    2.68   -2.80    4.24   -4.26    2.60   -2.61    1.64   -1.65
2017 09 07 09 44 00     5.64   -6.01    3.02   -3.30    2.62   -2.71    4.23   -4.15    2.67   -2.56    1.55   -1.59
2017 09 07 09 46 00     5.40   -5.64    2.94   -3.12    2.46   -2.52    3.91   -3.97    2.45   -2.56    1.46   -1.40
2017 09 07 09 48 00     5.51   -5.73    3.01   -3.27    2.50   -2.46    3.86   -3.83    2.41   -2.58    1.45   -1.25
2017 09 07 09 50 00     5.59   -5.56    3.06   -3.21    2.53   -2.35    3.91   -3.62    2.29   -2.54    1.62   -1.08
2017 09 07 09 52 00     5.50   -5.47    3.04   -3.18    2.46   -2.29    4.12   -3.97    2.59   -2.82    1.53   -1.15
2017 09 07 09 54 00     5.73   -5.78    3.29   -3.47    2.44   -2.31    4.17   -3.82    2.52   -2.81    1.65   -1.01
2017 09 07 09 56 00     5.50   -5.69    3.17   -3.32    2.32   -2.37    3.86   -3.73    2.27   -2.76    1.59   -0.97
2017 09 07 09 58 00     5.46   -5.74    3.13   -3.33    2.33   -2.41    4.16   -4.23    2.45   -3.08    1.71   -1.15
2017 09 07 10 00 00     5.55   -5.91    2.95   -3.24    2.60   -2.67    3.62   -3.50    2.04   -2.48    1.58   -1.03
2017 09 07 10 02 00     5.60   -5.96    3.06   -3.41    2.55   -2.54    3.43   -3.52    2.05   -2.40    1.38   -1.12
2017 09 07 10 04 00     5.78   -6.12    3.08   -3.42    2.70   -2.70    3.34   -3.46    2.13   -2.31    1.20   -1.16
2017 09 07 10 06 00     5.63   -5.80    3.00   -3.31    2.64   -2.49    3.54   -3.69    2.25   -2.37    1.30   -1.32
2017 09 07 10 08 00     5.34   -5.82    3.03   -3.36    2.31   -2.46    3.55   -3.63    2.31   -2.42    1.24   -1.21
2017 09 07 10 10 00     5.47   -5.92    3.10   -3.48    2.37   -2.43    3.25   -3.26    1.82   -2.15    1.43   -1.11
2017 09 07 10 12 00     5.52   -5.85    3.04   -3.49    2.47   -2.36    3.48   -3.07    2.16   -2.02    1.32   -1.04
2017 09 07 10 14 00     5.47   -5.89    3.02   -3.53    2.45   -2.36    3.39   -3.14    1.98   -1.98    1.41   -1.16
2017 09 07 10 16 00     6.44   -6.77    3.50   -4.05    2.94   -2.73    3.63   -3.23    2.18   -1.99    1.45   -1.23
2017 09 07 10 18 00     6.66   -6.97    3.70   -4.32    2.95   -2.66    3.92   -3.61    2.22   -2.08    1.70   -1.53
2017 09 07 10 20 00     6.31   -6.51    3.71   -4.41    2.60   -2.10    3.90   -3.63    2.14   -2.02    1.76   -1.60
2017 09 07 10 22 00     6.10   -6.11    3.54   -4.15    2.56   -1.96    4.05   -3.96    2.10   -2.18    1.95   -1.78
2017 09 07 10 24 00     6.04   -5.84    3.44   -3.89    2.60   -1.95    4.23   -4.13    2.21   -2.43    2.02   -1.70
2017 09 07 10 26 00     5.78   -5.73    3.14   -3.72    2.64   -2.02    4.43   -4.10    2.46   -2.51    1.98   -1.59
2017 09 07 10 28 00     5.88   -5.71    3.09   -3.53    2.79   -2.18    4.15   -3.81    2.19   -2.30    1.96   -1.51
2017 09 07 10 30 00     5.90   -5.68    3.18   -3.62    2.72   -2.05    4.21   -3.90    2.25   -2.26    1.96   -1.64
2017 09 07 10 32 00     6.50   -6.31    3.52   -3.98    2.98   -2.33    4.09   -4.02    2.29   -2.37    1.81   -1.65
2017 09 07 10 34 00     6.24   -6.00    3.38   -3.71    2.86   -2.29    3.85   -3.64    2.06   -2.07    1.79   -1.56
2017 09 07 10 36 00     5.86   -5.53    3.18   -3.38    2.69   -2.15    4.11   -3.77    2.26   -2.30    1.85   -1.47
2017 09 07 10 38 00     5.78   -5.63    2.96   -3.29    2.83   -2.34    4.09   -3.79    2.00   -2.12    2.09   -1.66
2017 09 07 10 40 00     6.21   -6.07    3.07   -3.43    3.14   -2.64    3.84   -3.61    1.91   -2.14    1.92   -1.47
2017 09 07 10 42 00     5.60   -5.32    2.57   -2.83    3.03   -2.49    3.74   -3.74    1.69   -2.06    2.05   -1.68
2017 09 07 10 44 00     6.17   -6.05    2.78   -3.31    3.39   -2.74    3.83   -3.77    1.92   -2.24    1.91   -1.53
2017 09 07 10 46 00     6.53   -6.62    3.14   -3.66    3.39   -2.96    4.18   -4.42    2.15   -2.59    2.03   -1.83
2017 09 07 10 48 00     6.08   -6.11    2.89   -3.32    3.19   -2.79    4.22   -4.33    2.14   -2.56    2.07   -1.77
2017 09 07 10 50 00     6.03   -6.02    2.80   -3.14    3.23   -2.87    4.31   -4.17    2.07   -2.49    2.24   -1.68
2017 09 07 10 52 00     5.94   -6.24    2.91   -3.23    3.03   -3.01    4.14   -3.84    2.00   -2.21    2.14   -1.64
2017 09 07 10 54 00     6.35   -6.66    2.79   -3.20    3.56   -3.47    4.57   -4.46    2.02   -2.27    2.54   -2.20
2017 09 07 10 56 00     6.33   -6.39    2.67   -3.04    3.66   -3.35    4.33   -4.20    1.78   -1.99    2.54   -2.20
2017 09 07 10 58 00     6.65   -6.72    2.91   -3.23    3.74   -3.49    4.21   -3.99    1.78   -2.03    2.43   -1.96
2017 09 07 11 00 00     6.81   -7.13    2.89   -3.48    3.92   -3.65    4.24   -4.15    1.94   -2.27    2.30   -1.88
2017 09 07 11 02 00     6.50   -6.65    2.83   -3.33    3.67   -3.32    4.14   -3.80    2.00   -2.17    2.14   -1.63
2017 09 07 11 04 00     6.16   -6.26    2.73   -3.15    3.43   -3.12    3.54   -3.31    1.68   -1.85    1.86   -1.46
2017 09 07 11 06 00     6.29   -6.47    2.81   -3.30    3.48   -3.17    4.08   -3.67    1.91   -1.76    2.17   -1.91
2017 09 07 11 08 00     6.09   -6.37    2.75   -3.17    3.35   -3.20    4.29   -3.80    2.11   -1.69    2.18   -2.11
2017 09 07 11 10 00     5.56   -5.74    2.62   -3.23    2.94   -2.51    4.43   -4.07    1.89   -1.58    2.54   -2.49
2017 09 07 11 12 00     5.59   -5.56    2.69   -3.21    2.90   -2.35    4.20   -3.87    1.71   -1.49    2.48   -2.38
2017 09 07 11 14 00     5.46   -5.52    2.52   -3.20    2.94   -2.31    4.34   -3.75    1.87   -1.44    2.47   -2.31
2017 09 07 11 16 00     5.22   -5.35    2.44   -3.01    2.79   -2.33    4.24   -3.63    1.94   -1.74    2.29   -1.89
2017 09 07 11 18 00     4.82   -4.83    1.83   -2.50    2.99   -2.33    3.76   -3.05    1.76   -1.49    1.99   -1.56
2017 09 07 11 20 00     4.37   -4.64    1.73   -2.47    2.64   -2.17    3.77   -3.33    1.55   -1.61    2.21   -1.71
2017 09 07 11 22 00     3.88   -4.07    1.53   -2.13    2.35   -1.94    3.68   -3.16    1.51   -1.49    2.18   -1.67
2017 09 07 11 24 00     3.92   -4.34    1.53   -2.20    2.39   -2.15    3.57   -3.07    1.55   -1.64    2.03   -1.42
2017 09 07 11 26 00     3.69   -4.07    1.35   -2.09    2.35   -1.98    3.60   -3.20    1.50   -1.74    2.10   -1.47
2017 09 07 11 28 00     4.01   -3.96    1.47   -1.98    2.54   -1.98    3.14   -2.65    1.19   -1.56    1.95   -1.08
2017 09 07 11 30 00     3.98   -4.05    1.58   -2.05    2.40   -2.00    3.24   -2.87    1.23   -1.66    2.00   -1.21
2017 09 07 11 32 00     3.87   -3.99    1.49   -2.06    2.38   -1.93    3.22   -2.73    1.27   -1.65    1.96   -1.08
2017 09 07 11 34 00     3.76   -3.84    1.47   -1.87    2.29   -1.98    3.14   -2.58    1.44   -1.70    1.70   -0.88
2017 09 07 11 36 00     3.57   -3.89    1.40   -1.88    2.17   -2.01    3.22   -2.75    1.25   -1.75    1.98   -1.01
2017 09 07 11 38 00     3.58   -3.53    1.27   -1.69    2.31   -1.84    2.78   -2.67    1.20   -1.69    1.58   -0.99
2017 09 07 11 40 00     3.21   -3.37    1.13   -1.53    2.07   -1.84    2.84   -2.66    1.03   -1.43    1.81   -1.23
2017 09 07 11 42 00     3.60   -3.57    1.24   -1.55    2.36   -2.02    3.01   -2.86    1.00   -1.28    2.01   -1.58
2017 09 07 11 44 00     3.46   -3.65    1.20   -1.64    2.26   -2.01    2.50   -2.44    0.86   -1.04    1.64   -1.40
2017 09 07 11 46 00     3.28   -3.32    1.14   -1.47    2.14   -1.85    2.10   -2.05    0.79   -0.92    1.31   -1.13
2017 09 07 11 48 00     3.26   -3.35    1.13   -1.47    2.13   -1.88    2.15   -1.89    0.83   -0.77    1.32   -1.12
2017 09 07 11 50 00     3.21   -3.24    1.16   -1.47    2.05   -1.78    2.07   -1.83    0.74   -0.74    1.33   -1.09
2017 09 07 11 52 00     2.88   -2.81    1.05   -1.30    1.83   -1.50    2.02   -1.68    0.75   -0.70    1.27   -0.98
2017 09 07 11 54 00     2.70   -2.88    1.18   -1.40    1.52   -1.47    1.83   -1.76    0.65   -0.89    1.18   -0.87
2017 09 07 11 56 00     2.68   -2.96    1.04   -1.42    1.64   -1.55    1.76   -1.50    0.58   -0.60    1.18   -0.90
2017 09 07 11 58 00     2.75   -3.02    1.09   -1.42    1.66   -1.61    1.73   -1.44    0.51   -0.55    1.21   -0.89
2017 09 07 12 00 00     2.59   -2.73    1.08   -1.38    1.51   -1.36    1.75   -1.44    0.61   -0.58    1.15   -0.86
2017 09 07 12 02 00     3.01   -3.28    1.13   -1.55    1.88   -1.73    1.78   -1.39    0.55   -0.45    1.23   -0.95
2017 09 07 12 04 00     2.99   -3.21    1.08   -1.55    1.91   -1.67    1.96   -1.43    0.54   -0.44    1.42   -0.98
2017 09 07 12 06 00     3.07   -3.31    1.25   -1.69    1.81   -1.62    1.86   -1.40    0.57   -0.49    1.29   -0.91
2017 09 07 12 08 00     3.15   -3.31    1.33   -1.79    1.82   -1.51    1.87   -1.43    0.55   -0.49    1.32   -0.94
2017 09 07 12 10 00     3.27   -3.30    1.40   -1.80    1.87   -1.50    1.90   -1.52    0.55   -0.50    1.36   -1.02
2017 09 07 12 12 00     3.17   -3.47    1.45   -1.87    1.72   -1.60    1.53   -1.49    0.39   -0.56    1.14   -0.94
2017 09 07 12 14 00     3.09   -3.51    1.63   -2.10    1.47   -1.41    1.64   -1.63    0.52   -0.68    1.12   -0.94
2017 09 07 12 16 00     3.15   -3.62    1.48   -2.00    1.67   -1.62    1.66   -1.62    0.64   -0.85    1.01   -0.77
2017 09 07 12 18 00     3.10   -3.51    1.35   -1.68    1.75   -1.83    1.65   -1.50    0.56   -0.70    1.10   -0.80
2017 09 07 12 20 00     3.23   -3.42    1.43   -1.54    1.80   -1.89    1.68   -1.63    0.67   -0.79    1.01   -0.83
2017 09 07 12 22 00     3.12   -3.45    1.24   -1.51    1.88   -1.94    1.72   -1.52    0.78   -0.76    0.94   -0.76
2017 09 07 12 24 00     2.64   -2.60    0.86   -1.03    1.78   -1.57    1.77   -1.55    0.72   -0.73    1.04   -0.82
2017 09 07 12 26 00     2.99   -3.14    1.29   -1.68    1.69   -1.46    1.54   -1.42    0.68   -0.79    0.86   -0.63
2017 09 07 12 28 00     2.70   -2.94    1.07   -1.46    1.64   -1.48    1.61   -1.44    0.75   -0.86    0.85   -0.58
2017 09 07 12 30 00     3.10   -3.29    1.47   -1.65    1.63   -1.63    1.51   -1.27    0.64   -0.72    0.87   -0.55
2017 09 07 12 32 00     2.74   -3.23    1.26   -1.68    1.48   -1.55    1.52   -1.11    0.65   -0.55    0.87   -0.56
2017 09 07 12 34 00     2.51   -2.85    1.13   -1.41    1.38   -1.44    1.32   -0.97    0.54   -0.41    0.78   -0.55
2017 09 07 12 36 00     2.04   -2.62    1.01   -1.32    1.03   -1.30    1.63   -1.18    0.65   -0.46    0.98   -0.71
2017 09 07 12 38 00     2.23   -2.79    1.14   -1.42    1.09   -1.37    1.40   -1.28    0.56   -0.48    0.84   -0.80
2017 09 07 12 40 00     2.14   -2.61    0.92   -1.27    1.22   -1.33    1.46   -1.43    0.60   -0.61    0.86   -0.82
2017 09 07 12 42 00     2.30   -2.80    1.14   -1.35    1.16   -1.45    1.43   -1.39    0.62   -0.51    0.82   -0.88
2017 09 07 12 44 00     2.30   -2.62    1.17   -1.25    1.12   -1.36    1.75   -1.62    0.64   -0.60    1.12   -1.01
2017 09 07 12 46 00     2.40   -2.67    1.24   -1.24    1.16   -1.43    2.22   -1.86    0.93   -0.79    1.29   -1.07
2017 09 07 12 48 00     2.39   -2.71    1.11   -1.24    1.29   -1.48    2.12   -1.86    0.78   -0.79    1.34   -1.07
2017 09 07 12 50 00     2.36   -2.78    1.19   -1.23    1.17   -1.54    2.12   -1.92    0.80   -0.82    1.32   -1.10
2017 09 07 12 52 00     2.31   -2.67    1.22   -1.31    1.09   -1.37    1.91   -1.81    0.81   -0.71    1.10   -1.10
2017 09 07 12 54 00     2.32   -2.49    1.11   -1.18    1.21   -1.31    1.93   -1.55    0.84   -0.63    1.09   -0.92
2017 09 07 12 56 00     2.10   -2.31    1.21   -1.27    0.89   -1.04    1.79   -1.49    0.78   -0.56    1.01   -0.93
2017 09 07 12 58 00     2.24   -2.36    1.18   -1.19    1.06   -1.17    1.85   -1.70    0.88   -0.75    0.97   -0.95
2017 09 07 13 00 00     2.19   -2.54    1.16   -1.37    1.03   -1.17    1.82   -1.49    0.94   -0.57    0.89   -0.92
2017 09 07 13 02 00     2.31   -2.66    1.34   -1.55    0.96   -1.11    1.75   -1.39    1.03   -0.71    0.72   -0.68
2017 09 07 13 04 00     1.98   -2.38    1.19   -1.30    0.79   -1.08    1.87   -1.46    1.01   -0.72    0.86   -0.74
2017 09 07 13 06 00     2.05   -2.41    1.13   -1.30    0.91   -1.11    2.08   -1.75    1.05   -0.93    1.04   -0.82
2017 09 07 13 08 00     2.02   -2.40    1.03   -1.23    0.99   -1.17    1.22   -0.93    0.95   -0.75    0.27   -0.19
2017 09 07 13 10 00     2.27   -2.37    1.26   -1.23    1.01   -1.14    1.13   -0.84    0.69   -0.66    0.44   -0.18
2017 09 07 13 12 00     2.18   -2.36    1.21   -1.23    0.97   -1.14    1.46   -0.95    0.98   -0.66    0.48   -0.30
2017 09 07 13 14 00     2.09   -2.37    1.15   -1.22    0.94   -1.15    1.42   -0.98    1.01   -0.81    0.41   -0.18
2017 09 07 13 16 00     2.08   -2.26    1.16   -1.14    0.93   -1.12    1.31   -1.06    0.92   -0.87    0.40   -0.19
2017 09 07 13 18 00     2.20   -2.55    1.19   -1.23    1.01   -1.31    1.04   -0.86    0.87   -0.62    0.16   -0.24
2017 09 07 13 20 00     1.97   -2.26    1.20   -1.23    0.77   -1.03    0.96   -0.95    0.83   -0.77    0.14   -0.18
2017 09 07 13 22 00     1.81   -2.05    0.96   -1.12    0.85   -0.94    0.80   -0.48    0.61   -0.34    0.20   -0.14
2017 09 07 13 24 00     1.80   -1.95    1.10   -1.16    0.70   -0.79    0.78   -0.51    0.74   -0.42    0.04   -0.09
2017 09 07 13 26 00     1.96   -2.06    1.03   -1.16    0.92   -0.90    0.71   -0.34    0.62   -0.27    0.09   -0.07
2017 09 07 13 28 00     1.57   -2.05    0.99   -1.23    0.57   -0.82    0.40   -0.34    0.38   -0.20    0.02   -0.14
2017 09 07 13 30 00     1.41   -1.80    0.92   -1.05    0.49   -0.75    0.57   -0.20    0.50   -0.18    0.07   -0.02
2017 09 07 13 32 00     1.46   -1.80    0.98   -1.00    0.48   -0.80    0.54   -0.23    0.44   -0.18    0.10   -0.05
2017 09 07 13 34 00     1.34   -1.74    0.93   -0.91    0.41   -0.82    0.57   -0.33    0.48   -0.25    0.09   -0.08
2017 09 07 13 36 00     1.60   -1.83    0.94   -0.88    0.66   -0.95    0.54   -0.31    0.47   -0.25    0.08   -0.05
2017 09 07 13 38 00     1.63   -1.89    0.95   -1.04    0.69   -0.85    0.64   -0.40    0.54   -0.36    0.10   -0.04
2017 09 07 13 40 00     1.61   -1.98    0.92   -1.04    0.68   -0.94    0.51   -0.41    0.45   -0.31    0.05   -0.09
2017 09 07 13 42 00     1.61   -1.93    0.98   -1.05    0.63   -0.88    0.48   -0.45    0.41   -0.36    0.07   -0.09
2017 09 07 13 44 00     1.63   -2.08    0.97   -1.17    0.65   -0.90    0.42   -0.39    0.37   -0.29    0.05   -0.10
2017 09 07 13 46 00     1.69   -2.06    0.94   -1.08    0.75   -0.97    0.39   -0.42    0.38   -0.30    0.01   -0.12
2017 09 07 13 48 00     1.73   -2.14    0.93   -1.13    0.80   -1.01    0.43   -0.65    0.37   -0.41    0.06   -0.23
2017 09 07 13 50 00     1.59   -1.95    0.71   -0.93    0.88   -1.02    0.52   -0.50    0.49   -0.40    0.02   -0.10
2017 09 07 13 52 00     1.74   -2.10    0.87   -1.02    0.87   -1.09    0.59   -0.56    0.57   -0.46    0.01   -0.10
2017 09 07 13 54 00     2.04   -2.26    1.00   -1.17    1.05   -1.09    0.51   -0.43    0.51   -0.35    0.00   -0.08
2017 09 07 13 56 00     1.82   -1.92    1.00   -1.04    0.81   -0.88    0.44   -0.38    0.44   -0.29    0.00   -0.09
2017 09 07 13 58 00     1.93   -2.18    0.95   -1.03    0.98   -1.14    0.66   -0.64    0.49   -0.37    0.18   -0.28
2017 09 07 14 00 00     1.88   -2.09    0.99   -0.97    0.89   -1.12    0.68   -0.73    0.47   -0.43    0.21   -0.30
2017 09 07 14 02 00     1.97   -2.20    0.86   -0.91    1.11   -1.29    0.87   -0.72    0.58   -0.46    0.29   -0.26
2017 09 07 14 04 00     1.89   -2.07    0.88   -0.90    1.00   -1.17    0.74   -0.69    0.53   -0.40    0.21   -0.29
2017 09 07 14 06 00     1.94   -2.29    1.01   -1.04    0.93   -1.25    0.89   -0.85    0.65   -0.46    0.24   -0.39
2017 09 07 14 08 00     2.11   -2.39    1.22   -1.17    0.89   -1.21    1.03   -0.77    0.66   -0.44    0.37   -0.33
2017 09 07 14 10 00     1.97   -2.11    1.04   -0.95    0.93   -1.16    1.11   -0.78    0.80   -0.45    0.31   -0.33
2017 09 07 14 12 00     1.75   -1.88    1.00   -0.83    0.75   -1.04    1.17   -0.73    0.79   -0.37    0.37   -0.37
2017 09 07 14 14 00     1.87   -2.05    1.14   -1.10    0.73   -0.95    1.19   -0.76    0.79   -0.42    0.40   -0.34
2017 09 07 14 16 00     1.88   -2.00    1.25   -1.12    0.63   -0.88    1.05   -0.64    0.72   -0.31    0.33   -0.32
2017 09 07 14 18 00     1.49   -1.71    1.02   -0.91    0.46   -0.81    0.78   -0.49    0.50   -0.32    0.28   -0.17
2017 09 07 14 20 00     1.48   -1.68    1.03   -0.92    0.44   -0.76    0.85   -0.53    0.55   -0.30    0.30   -0.22
2017 09 07 14 22 00     1.41   -1.63    1.00   -0.89    0.40   -0.74    1.07   -0.69    0.81   -0.44    0.26   -0.25
2017 09 07 14 24 00     1.47   -1.63    1.01   -0.92    0.46   -0.71    1.02   -0.91    0.87   -0.53    0.15   -0.37
2017 09 07 14 26 00     1.69   -1.85    1.25   -1.16    0.44   -0.69    1.16   -1.02    0.97   -0.61    0.19   -0.41
2017 09 07 14 28 00     1.52   -1.87    1.04   -1.10    0.48   -0.77    1.02   -0.93    0.83   -0.52    0.19   -0.41
2017 09 07 14 30 00     1.61   -1.88    1.05   -1.08    0.57   -0.81    1.08   -1.04    0.87   -0.60    0.21   -0.44
2017 09 07 14 32 00     1.73   -2.00    1.25   -1.21    0.48   -0.80    0.91   -0.84    0.72   -0.55    0.19   -0.29
2017 09 07 14 34 00     1.96   -2.07    1.52   -1.40    0.44   -0.67    1.03   -0.95    0.88   -0.67    0.15   -0.28
2017 09 07 14 36 00     1.95   -1.96    1.20   -0.96    0.76   -1.01    1.06   -1.00    0.81   -0.69    0.24   -0.31
2017 09 07 14 38 00     1.99   -1.99    1.25   -1.13    0.75   -0.87    1.07   -0.97    0.87   -0.63    0.20   -0.34
2017 09 07 14 40 00     2.15   -2.34    1.38   -1.37    0.76   -0.96    1.11   -1.00    0.91   -0.66    0.20   -0.34
2017 09 07 14 42 00     2.07   -2.29    1.32   -1.36    0.75   -0.93    1.04   -1.16    0.89   -0.79    0.15   -0.37
2017 09 07 14 44 00     2.24   -2.44    1.41   -1.42    0.82   -1.01    1.27   -1.23    1.02   -0.98    0.25   -0.26
2017 09 07 14 46 00     2.23   -2.33    1.41   -1.35    0.82   -0.98    1.57   -1.51    1.29   -1.31    0.28   -0.20
2017 09 07 14 48 00     2.39   -2.54    1.36   -1.28    1.03   -1.26    1.64   -1.61    1.27   -1.36    0.37   -0.26
2017 09 07 14 50 00     2.41   -2.54    1.35   -1.22    1.06   -1.32    1.77   -1.43    1.52   -1.31    0.26   -0.12
2017 09 07 14 52 00     2.30   -2.51    1.29   -1.19    1.02   -1.32    1.48   -1.20    1.18   -1.11    0.30   -0.08
2017 09 07 14 54 00     2.33   -2.48    1.28   -1.09    1.05   -1.39    1.27   -1.03    0.98   -0.98    0.29   -0.04
2017 09 07 14 56 00     2.47   -2.48    1.35   -1.17    1.12   -1.31    0.90   -0.77    0.62   -0.66    0.27   -0.11
2017 09 07 14 58 00     2.73   -2.58    1.33   -1.25    1.40   -1.34    0.87   -0.89    0.65   -0.83    0.22   -0.05
2017 09 07 15 00 00     2.49   -2.49    1.33   -1.22    1.17   -1.26    0.82   -1.07    0.52   -0.90    0.31   -0.17
2017 09 07 15 02 00     2.41   -2.43    1.31   -1.24    1.11   -1.20    0.58   -0.73    0.38   -0.60    0.21   -0.13
2017 09 07 15 04 00     2.42   -2.39    1.37   -1.26    1.05   -1.12    0.55   -0.74    0.35   -0.55    0.21   -0.19
2017 09 07 15 06 00     2.46   -2.62    1.32   -1.31    1.13   -1.30    0.59   -0.87    0.43   -0.61    0.17   -0.26
2017 09 07 15 08 00     2.35   -2.49    1.27   -1.24    1.08   -1.24    0.66   -0.74    0.50   -0.41    0.16   -0.33
2017 09 07 15 10 00     2.23   -2.47    1.20   -1.28    1.03   -1.19    0.62   -0.66    0.58   -0.41    0.04   -0.24
2017 09 07 15 12 00     2.13   -2.51    1.22   -1.35    0.91   -1.16    0.68   -0.53    0.62   -0.38    0.06   -0.15
2017 09 07 15 14 00     2.05   -2.42    1.23   -1.41    0.82   -1.01    0.71   -0.58    0.64   -0.43    0.07   -0.15
2017 09 07 15 16 00     2.06   -2.60    1.26   -1.45    0.79   -1.15    0.58   -0.56    0.51   -0.38    0.07   -0.18
2017 09 07 15 18 00     1.96   -2.30    1.09   -1.18    0.87   -1.12    0.45   -0.59    0.44   -0.37    0.01   -0.22
2017 09 07 15 20 00     1.77   -2.22    1.09   -1.13    0.68   -1.09    0.46   -0.82    0.38   -0.47    0.08   -0.35
2017 09 07 15 22 00     1.98   -2.39    1.24   -1.35    0.73   -1.04    0.69   -0.65    0.56   -0.43    0.13   -0.22
2017 09 07 15 24 00     1.81   -2.35    1.25   -1.47    0.56   -0.88    0.56   -0.43    0.46   -0.27    0.11   -0.15
2017 09 07 15 26 00     1.77   -2.39    1.27   -1.37    0.50   -1.02    0.61   -0.44    0.35   -0.21    0.26   -0.23
2017 09 07 15 28 00     1.98   -2.33    1.38   -1.28    0.60   -1.05    0.53   -0.36    0.53   -0.25    0.00   -0.10
2017 09 07 15 30 00     1.98   -2.59    1.39   -1.45    0.59   -1.14    0.53   -0.43    0.45   -0.29    0.07   -0.13
2017 09 07 15 32 00     1.80   -2.40    1.13   -1.38    0.67   -1.02    0.63   -0.46    0.53   -0.34    0.10   -0.12
2017 09 07 15 34 00     2.11   -2.68    1.43   -1.73    0.68   -0.96    0.50   -0.47    0.50   -0.38    0.00   -0.09
2017 09 07 15 36 00     2.38   -2.78    1.55   -1.79    0.82   -0.99    0.47   -0.51    0.43   -0.40    0.05   -0.10
2017 09 07 15 38 00     2.24   -2.63    1.53   -1.64    0.71   -0.99    0.63   -0.67    0.51   -0.48    0.12   -0.18
2017 09 07 15 40 00     2.14   -2.41    1.49   -1.48    0.66   -0.92    0.65   -0.46    0.43   -0.28    0.23   -0.17
2017 09 07 15 42 00     1.97   -2.22    1.35   -1.26    0.62   -0.96    0.50   -0.47    0.39   -0.28    0.11   -0.19
2017 09 07 15 44 00     1.83   -1.90    1.24   -1.06    0.58   -0.84    0.60   -0.52    0.39   -0.22    0.22   -0.30
2017 09 07 15 46 00     1.90   -2.12    1.39   -1.10    0.52   -1.02    0.47   -0.52    0.39   -0.24    0.08   -0.28
2017 09 07 15 48 00     1.76   -1.98    1.30   -1.09    0.46   -0.89    0.61   -0.46    0.50   -0.27    0.11   -0.19
2017 09 07 15 50 00     1.63   -1.89    1.17   -1.07    0.46   -0.83    0.59   -0.46    0.51   -0.25    0.08   -0.22
2017 09 07 15 52 00     1.52   -1.81    1.26   -1.13    0.27   -0.68    0.68   -0.47    0.54   -0.19    0.14   -0.28
2017 09 07 15 54 00     1.44   -1.56    1.20   -0.93    0.25   -0.63    0.73   -0.64    0.65   -0.41    0.08   -0.22
2017 09 07 15 56 00     1.37   -1.65    1.10   -1.03    0.28   -0.62    0.68   -0.66    0.60   -0.41    0.08   -0.25
2017 09 07 15 58 00     1.24   -1.53    1.00   -0.95    0.24   -0.58    0.49   -0.51    0.44   -0.28    0.05   -0.24
2017 09 07 16 00 00     1.24   -1.55    1.03   -0.99    0.21   -0.56    0.52   -0.42    0.46   -0.23    0.05   -0.19
2017 09 07 16 02 00     1.14   -1.45    0.92   -0.93    0.22   -0.53    0.54   -0.41    0.46   -0.22    0.08   -0.20
2017 09 07 16 04 00     1.26   -1.61    1.04   -1.07    0.22   -0.54    0.53   -0.47    0.49   -0.33    0.04   -0.13
2017 09 07 16 06 00     1.27   -1.47    1.04   -1.04    0.23   -0.43    0.49   -0.58    0.45   -0.43    0.04   -0.15
2017 09 07 16 08 00     1.41   -1.69    1.20   -1.16    0.22   -0.53    0.62   -0.59    0.56   -0.45    0.06   -0.14
2017 09 07 16 10 00     1.51   -1.82    1.28   -1.18    0.23   -0.64    0.59   -0.59    0.53   -0.48    0.07   -0.11
2017 09 07 16 12 00     1.47   -1.77    1.24   -1.12    0.23   -0.65    0.62   -0.88    0.57   -0.79    0.05   -0.09
2017 09 07 16 14 00     1.45   -1.61    1.19   -1.05    0.26   -0.57    0.65   -0.69    0.53   -0.57    0.12   -0.12
2017 09 07 16 16 00     1.40   -1.53    1.22   -1.04    0.18   -0.49    0.54   -0.68    0.48   -0.54    0.06   -0.15
2017 09 07 16 18 00     1.19   -1.43    1.07   -1.02    0.12   -0.41    0.70   -0.65    0.58   -0.56    0.11   -0.09
2017 09 07 16 20 00     1.17   -1.46    0.97   -1.08    0.19   -0.39    0.71   -0.68    0.63   -0.57    0.08   -0.10
2017 09 07 16 22 00     1.35   -1.64    1.11   -1.19    0.25   -0.45    0.82   -0.85    0.78   -0.70    0.05   -0.15
2017 09 07 16 24 00     1.17   -1.47    0.99   -1.12    0.18   -0.36    0.97   -0.77    0.94   -0.63    0.03   -0.14
2017 09 07 16 26 00     1.34   -1.55    1.02   -1.12    0.32   -0.43    0.77   -0.97    0.74   -0.72    0.03   -0.25
2017 09 07 16 28 00     1.53   -1.75    1.13   -1.20    0.40   -0.55    0.92   -0.79    0.83   -0.60    0.09   -0.19
2017 09 07 16 30 00     1.36   -1.74    1.13   -1.19    0.23   -0.56    1.02   -0.63    0.95   -0.51    0.07   -0.12
2017 09 07 16 32 00     1.34   -1.55    1.08   -1.10    0.26   -0.45    0.90   -0.72    0.86   -0.48    0.04   -0.23
2017 09 07 16 34 00     1.32   -1.63    1.05   -1.09    0.27   -0.54    0.77   -0.82    0.72   -0.56    0.05   -0.26
2017 09 07 16 36 00     1.73   -1.68    1.15   -1.06    0.58   -0.62    0.95   -0.65    0.76   -0.56    0.20   -0.09
2017 09 07 16 38 00     1.60   -1.71    1.18   -1.21    0.42   -0.50    0.85   -0.62    0.67   -0.51    0.18   -0.11
2017 09 07 16 40 00     1.55   -1.71    1.11   -1.03    0.44   -0.68    0.91   -0.76    0.69   -0.64    0.22   -0.11
2017 09 07 16 42 00     1.55   -1.63    1.16   -1.09    0.39   -0.54    0.68   -0.59    0.54   -0.48    0.14   -0.11
2017 09 07 16 44 00     1.65   -1.74    1.11   -1.11    0.54   -0.62    0.49   -0.49    0.47   -0.43    0.02   -0.06
2017 09 07 16 46 00     1.83   -2.03    1.09   -1.17    0.74   -0.86    0.45   -0.65    0.44   -0.44    0.01   -0.21
2017 09 07 16 48 00     1.72   -1.98    1.02   -1.15    0.70   -0.83    0.56   -0.45    0.54   -0.35    0.02   -0.10
2017 09 07 16 50 00     1.74   -2.06    1.11   -1.27    0.63   -0.79    0.50   -0.34    0.48   -0.31    0.02   -0.03
2017 09 07 16 52 00     1.57   -1.90    1.11   -1.13    0.46   -0.77    0.51   -0.35    0.47   -0.29    0.03   -0.06
2017 09 07 16 54 00     1.59   -1.98    1.04   -1.14    0.55   -0.84    0.45   -0.34    0.44   -0.28    0.01   -0.06
2017 09 07 16 56 00     1.52   -2.03    1.03   -1.14    0.49   -0.89    0.43   -0.29    0.42   -0.29    0.02    0.00
2017 09 07 16 58 00     1.62   -1.94    1.01   -1.00    0.61   -0.95    0.39   -0.30    0.29   -0.23    0.10   -0.07
2017 09 07 17 00 00     1.50   -1.78    0.93   -0.97    0.57   -0.81    0.34   -0.26    0.32   -0.15    0.02   -0.11
2017 09 07 17 02 00     1.47   -1.75    0.84   -0.92    0.62   -0.83    0.37   -0.27    0.31   -0.21    0.05   -0.06
2017 09 07 17 04 00     1.59   -1.75    0.91   -0.99    0.67   -0.76    0.67   -0.46    0.49   -0.33    0.18   -0.13
2017 09 07 17 06 00     1.57   -1.70    0.89   -0.98    0.67   -0.72    0.57   -0.42    0.48   -0.26    0.10   -0.16
2017 09 07 17 08 00     1.71   -1.88    1.01   -1.00    0.70   -0.87    0.51   -0.38    0.44   -0.19    0.06   -0.19
2017 09 07 17 10 00     1.81   -1.77    1.04   -0.95    0.77   -0.82    0.48   -0.64    0.44   -0.28    0.04   -0.36
2017 09 07 17 12 00     1.71   -1.78    0.90   -0.94    0.81   -0.84    0.58   -0.65    0.48   -0.38    0.10   -0.26
2017 09 07 17 14 00     1.73   -1.48    0.91   -0.82    0.82   -0.66    0.38   -0.45    0.38   -0.39    0.00   -0.05
2017 09 07 17 16 00     1.82   -1.66    0.98   -0.92    0.84   -0.73    0.31   -0.36    0.31   -0.33    0.00   -0.03
2017 09 07 17 18 00     1.62   -1.57    0.87   -0.90    0.75   -0.67    0.47   -0.46    0.44   -0.39    0.03   -0.07
2017 09 07 17 20 00     1.67   -1.70    0.92   -0.85    0.75   -0.84    0.43   -0.44    0.37   -0.41    0.06   -0.04
2017 09 07 17 22 00     1.69   -1.73    0.89   -0.72    0.80   -1.01    0.35   -0.27    0.33   -0.24    0.02   -0.03
2017 09 07 17 24 00     1.80   -1.78    0.99   -0.77    0.81   -1.00    0.68   -0.45    0.57   -0.38    0.10   -0.06
2017 09 07 17 26 00     1.92   -1.90    1.20   -0.92    0.72   -0.98    0.69   -0.32    0.60   -0.29    0.09   -0.03
2017 09 07 17 28 00     1.70   -1.91    1.17   -1.02    0.52   -0.89    0.67   -0.47    0.54   -0.47    0.12   -0.00
2017 09 07 17 30 00     1.58   -1.57    1.08   -0.86    0.50   -0.72    0.55   -0.38    0.47   -0.35    0.08   -0.03
2017 09 07 17 32 00     1.42   -1.42    1.04   -0.82    0.39   -0.60    0.57   -0.65    0.52   -0.62    0.05   -0.03
2017 09 07 17 34 00     1.45   -1.41    1.10   -0.86    0.35   -0.54    0.53   -0.73    0.52   -0.70    0.01   -0.03
2017 09 07 17 36 00     1.26   -1.27    0.97   -0.82    0.29   -0.46    0.57   -0.78    0.56   -0.74    0.01   -0.04
2017 09 07 17 38 00     1.32   -1.14    0.99   -0.78    0.32   -0.37    0.61   -0.86    0.58   -0.86    0.04    0.00
2017 09 07 17 40 00     1.34   -1.22    0.93   -0.84    0.41   -0.38    0.57   -0.56    0.56   -0.56    0.02    0.00
2017 09 07 17 42 00     1.41   -1.25    0.95   -0.85    0.46   -0.40    0.65   -0.50    0.65   -0.49    0.00   -0.02
2017 09 07 17 44 00     1.29   -1.18    0.96   -0.85    0.34   -0.33    0.56   -0.50    0.55   -0.50    0.00    0.00
2017 09 07 17 46 00     1.37   -1.27    1.07   -0.95    0.31   -0.31    0.61   -0.80    0.60   -0.69    0.01   -0.12
2017 09 07 17 48 00     1.17   -1.21    0.93   -0.84    0.24   -0.36    0.64   -0.68    0.56   -0.55    0.08   -0.12
2017 09 07 17 50 00     1.34   -1.53    0.90   -0.89    0.44   -0.64    0.69   -0.62    0.57   -0.56    0.12   -0.06
2017 09 07 17 52 00     1.31   -1.39    1.01   -0.84    0.30   -0.55    0.74   -0.65    0.67   -0.54    0.08   -0.11
2017 09 07 17 54 00     1.38   -1.51    1.01   -0.82    0.37   -0.69    0.78   -0.59    0.65   -0.50    0.13   -0.09
2017 09 07 17 56 00     1.33   -1.45    1.02   -0.78    0.31   -0.67    0.79   -0.71    0.70   -0.60    0.09   -0.11
2017 09 07 17 58 00     1.23   -1.35    0.96   -0.74    0.27   -0.61    0.72   -0.63    0.64   -0.58    0.09   -0.05
2017 09 07 18 00 00     1.19   -1.29    0.90   -0.74    0.29   -0.56    0.71   -0.79    0.64   -0.73    0.07   -0.07
2017 09 07 18 02 00     1.04   -1.17    0.76   -0.66    0.29   -0.51    0.59   -0.63    0.54   -0.56    0.06   -0.06
2017 09 07 18 04 00     1.08   -1.21    0.76   -0.74    0.32   -0.47    0.74   -0.99    0.69   -0.81    0.04   -0.18
2017 09 07 18 06 00     0.95   -1.01    0.63   -0.56    0.33   -0.45    1.05   -1.01    0.92   -0.85    0.12   -0.16
2017 09 07 18 08 00     1.11   -1.06    0.75   -0.66    0.36   -0.40    0.99   -1.12    0.93   -0.87    0.06   -0.24
2017 09 07 18 10 00     1.09   -1.09    0.68   -0.55    0.41   -0.54    0.95   -0.98    0.89   -0.81    0.06   -0.17
2017 09 07 18 12 00     1.08   -1.02    0.76   -0.53    0.32   -0.49    0.89   -1.08    0.85   -0.99    0.04   -0.10
2017 09 07 18 14 00     1.14   -1.04    0.76   -0.54    0.38   -0.50    0.60   -0.63    0.58   -0.60    0.03   -0.03
2017 09 07 18 16 00     1.20   -1.15    0.74   -0.52    0.46   -0.63    0.68   -0.71    0.53   -0.67    0.15   -0.04
2017 09 07 18 18 00     1.26   -1.08    0.74   -0.60    0.52   -0.49    0.73   -0.70    0.61   -0.64    0.12   -0.06
2017 09 07 18 20 00     1.10   -1.19    0.68   -0.53    0.42   -0.66    0.44   -0.46    0.40   -0.46    0.04    0.00
2017 09 07 18 22 00     1.23   -1.16    0.76   -0.58    0.47   -0.58    0.74   -0.51    0.56   -0.47    0.18   -0.04
2017 09 07 18 24 00     1.08   -1.22    0.71   -0.56    0.37   -0.65    0.77   -0.63    0.59   -0.49    0.18   -0.13
2017 09 07 18 26 00     1.15   -1.18    0.69   -0.57    0.46   -0.61    0.89   -0.54    0.67   -0.47    0.23   -0.06
2017 09 07 18 28 00     1.22   -1.28    0.70   -0.60    0.52   -0.68    0.91   -0.71    0.65   -0.54    0.26   -0.17
2017 09 07 18 30 00     1.27   -1.24    0.71   -0.62    0.56   -0.63    0.84   -0.58    0.70   -0.45    0.13   -0.13
2017 09 07 18 32 00     1.01   -1.21    0.68   -0.59    0.33   -0.61    0.71   -0.50    0.61   -0.39    0.10   -0.10
2017 09 07 18 34 00     1.18   -1.36    0.64   -0.69    0.54   -0.67    0.69   -0.50    0.60   -0.43    0.08   -0.07
2017 09 07 18 36 00     1.36   -1.41    0.68   -0.64    0.67   -0.77    0.76   -0.48    0.69   -0.39    0.07   -0.09
2017 09 07 18 38 00     1.31   -1.51    0.69   -0.59    0.62   -0.92    0.87   -0.78    0.73   -0.59    0.14   -0.19
2017 09 07 18 40 00     1.18   -1.28    0.68   -0.58    0.51   -0.70    0.83   -0.74    0.71   -0.48    0.12   -0.26
2017 09 07 18 42 00     1.21   -1.30    0.65   -0.66    0.56   -0.64    1.02   -0.74    0.67   -0.58    0.35   -0.16
2017 09 07 18 44 00     1.21   -1.21    0.65   -0.56    0.55   -0.66    0.82   -0.52    0.64   -0.49    0.17   -0.03
2017 09 07 18 46 00     1.60   -1.68    0.89   -0.88    0.72   -0.80    0.82   -0.83    0.58   -0.58    0.24   -0.25
2017 09 07 18 48 00     1.56   -1.69    0.76   -0.76    0.80   -0.93    0.79   -0.65    0.56   -0.55    0.23   -0.10
2017 09 07 18 50 00     1.60   -1.80    0.84   -0.81    0.76   -0.98    0.98   -0.85    0.72   -0.59    0.26   -0.26
2017 09 07 18 52 00     1.43   -1.68    0.70   -0.78    0.73   -0.89    0.64   -0.49    0.49   -0.42    0.14   -0.07
2017 09 07 18 54 00     1.69   -1.83    0.89   -0.96    0.80   -0.87    0.65   -0.52    0.49   -0.46    0.16   -0.06
2017 09 07 18 56 00     1.81   -2.03    1.03   -1.05    0.79   -0.98    0.72   -0.69    0.58   -0.65    0.14   -0.04
2017 09 07 18 58 00     1.88   -2.07    0.99   -1.04    0.89   -1.03    0.83   -0.73    0.59   -0.69    0.24   -0.04
2017 09 07 19 00 00     2.13   -1.97    1.19   -1.00    0.95   -0.97    0.97   -0.63    0.67   -0.58    0.30   -0.05
2017 09 07 19 02 00     2.09   -2.21    1.06   -1.04    1.03   -1.17    0.84   -0.65    0.55   -0.60    0.29   -0.05
2017 09 07 19 04 00     1.83   -1.97    0.99   -0.97    0.84   -1.00    0.69   -0.61    0.46   -0.59    0.23   -0.02
2017 09 07 19 06 00     1.94   -2.02    1.16   -1.00    0.78   -1.02    0.55   -0.57    0.40   -0.55    0.15   -0.02
2017 09 07 19 08 00     1.90   -1.90    1.08   -0.98    0.81   -0.92    0.57   -0.59    0.45   -0.58    0.13   -0.01
2017 09 07 19 10 00     1.79   -1.93    1.06   -1.07    0.73   -0.86    0.41   -0.51    0.37   -0.51    0.04    0.00
2017 09 07 19 12 00     1.83   -1.87    1.20   -1.18    0.64   -0.69    0.43   -0.74    0.36   -0.74    0.07    0.00
2017 09 07 19 14 00     1.82   -1.92    1.29   -1.25    0.53   -0.67    0.69   -0.91    0.55   -0.78    0.14   -0.13
2017 09 07 19 16 00     1.83   -2.10    1.37   -1.43    0.46   -0.67    0.59   -0.71    0.48   -0.69    0.11   -0.02
2017 09 07 19 18 00     1.98   -2.02    1.45   -1.37    0.53   -0.65    0.57   -0.51    0.42   -0.50    0.15   -0.01
2017 09 07 19 20 00     1.91   -1.97    1.32   -1.39    0.59   -0.58    0.68   -0.61    0.46   -0.50    0.22   -0.11
2017 09 07 19 22 00     1.84   -2.09    1.28   -1.45    0.56   -0.64    0.68   -0.57    0.51   -0.49    0.17   -0.08
2017 09 07 19 24 00     1.78   -1.96    1.25   -1.50    0.53   -0.46    0.45   -0.43    0.26   -0.26    0.20   -0.18
2017 09 07 19 26 00     1.77   -1.91    1.17   -1.32    0.60   -0.60    0.70   -0.72    0.39   -0.43    0.31   -0.29
2017 09 07 19 28 00     1.88   -2.04    1.20   -1.39    0.68   -0.65    0.87   -0.77    0.49   -0.50    0.38   -0.27
2017 09 07 19 30 00     1.82   -2.07    1.17   -1.34    0.65   -0.74    0.88   -0.83    0.57   -0.53    0.31   -0.30
2017 09 07 19 32 00     1.86   -2.11    1.24   -1.38    0.62   -0.73    0.83   -0.80    0.51   -0.49    0.31   -0.31
2017 09 07 19 34 00     2.26   -2.38    1.35   -1.55    0.90   -0.84    1.17   -0.93    0.54   -0.42    0.63   -0.52
2017 09 07 19 36 00     2.52   -2.50    1.47   -1.60    1.05   -0.90    1.27   -1.05    0.56   -0.46    0.72   -0.59
2017 09 07 19 38 00     2.37   -2.51    1.44   -1.67    0.94   -0.84    1.09   -0.85    0.53   -0.38    0.56   -0.47
2017 09 07 19 40 00     2.48   -2.56    1.51   -1.64    0.98   -0.92    1.32   -1.08    0.55   -0.49    0.77   -0.59
2017 09 07 19 42 00     2.20   -2.44    1.31   -1.45    0.90   -0.99    0.89   -0.90    0.37   -0.47    0.52   -0.43
2017 09 07 19 44 00     2.31   -2.46    1.34   -1.33    0.97   -1.12    0.83   -0.63    0.50   -0.48    0.33   -0.15
2017 09 07 19 46 00     2.32   -2.48    1.31   -1.38    1.01   -1.10    0.74   -0.49    0.51   -0.35    0.22   -0.13
2017 09 07 19 48 00     2.31   -2.43    1.32   -1.26    1.00   -1.17    0.99   -0.87    0.56   -0.47    0.43   -0.40
2017 09 07 19 50 00     2.40   -2.63    1.45   -1.33    0.96   -1.30    0.89   -0.87    0.55   -0.55    0.34   -0.32
2017 09 07 19 52 00     2.56   -2.65    1.48   -1.29    1.08   -1.36    1.13   -1.25    0.64   -0.77    0.49   -0.49
2017 09 07 19 54 00     2.54   -2.66    1.55   -1.38    0.99   -1.29    1.12   -1.16    0.60   -0.70    0.53   -0.46
2017 09 07 19 56 00     2.39   -2.58    1.44   -1.32    0.94   -1.26    1.04   -1.24    0.46   -0.66    0.59   -0.58
2017 09 07 19 58 00     2.40   -2.41    1.45   -1.27    0.95   -1.14    1.06   -1.46    0.46   -0.90    0.60   -0.56
2017 09 07 20 00 00     2.90   -2.78    1.69   -1.45    1.22   -1.33    0.78   -1.18    0.31   -0.66    0.47   -0.53
2017 09 07 20 02 00     3.03   -3.21    1.69   -1.67    1.34   -1.54    0.75   -1.17    0.24   -0.50    0.51   -0.67
2017 09 07 20 04 00     3.19   -3.30    1.75   -1.64    1.45   -1.65    0.92   -0.99    0.25   -0.42    0.67   -0.56
2017 09 07 20 06 00     3.22   -3.22    1.75   -1.59    1.46   -1.62    1.13   -1.12    0.34   -0.51    0.79   -0.62
2017 09 07 20 08 00     3.52   -3.64    1.95   -1.89    1.56   -1.75    1.04   -1.16    0.29   -0.52    0.75   -0.63
2017 09 07 20 10 00     3.58   -3.89    2.07   -2.11    1.51   -1.79    0.94   -1.14    0.34   -0.44    0.60   -0.70
2017 09 07 20 12 00     3.60   -3.90    2.08   -2.10    1.52   -1.79    0.92   -1.11    0.44   -0.45    0.48   -0.66
2017 09 07 20 14 00     3.55   -3.77    2.09   -2.09    1.46   -1.68    0.85   -1.05    0.42   -0.46    0.43   -0.59
2017 09 07 20 16 00     3.65   -3.88    2.13   -2.13    1.51   -1.76    1.03   -1.11    0.47   -0.48    0.56   -0.63
2017 09 07 20 18 00     3.21   -3.77    1.74   -1.98    1.47   -1.79    1.19   -1.17    0.39   -0.42    0.79   -0.75
2017 09 07 20 20 00     3.04   -3.68    1.68   -1.89    1.36   -1.78    1.58   -1.50    0.53   -0.55    1.04   -0.95
2017 09 07 20 22 00     3.04   -3.44    1.66   -1.80    1.38   -1.64    1.32   -1.14    0.48   -0.43    0.85   -0.71
2017 09 07 20 24 00     3.55   -3.77    1.72   -1.75    1.83   -2.02    1.24   -0.84    0.52   -0.48    0.72   -0.36
2017 09 07 20 26 00     3.62   -3.94    1.84   -1.84    1.79   -2.10    1.29   -1.19    0.60   -0.66    0.69   -0.53
2017 09 07 20 28 00     3.59   -3.83    1.80   -1.75    1.79   -2.08    2.11   -2.06    0.83   -0.82    1.28   -1.24
2017 09 07 20 30 00     3.65   -4.05    1.78   -1.79    1.87   -2.25    1.94   -2.13    0.68   -0.82    1.25   -1.30
2017 09 07 20 32 00     3.47   -3.83    1.59   -1.69    1.89   -2.14    1.82   -2.02    0.68   -0.79    1.14   -1.23
2017 09 07 20 34 00     3.12   -3.84    1.30   -1.69    1.82   -2.14    1.98   -2.16    0.67   -0.84    1.31   -1.32
2017 09 07 20 36 00     3.38   -3.91    1.65   -1.97    1.72   -1.94    1.95   -1.96    0.61   -0.74    1.34   -1.21
2017 09 07 20 38 00     3.44   -4.02    1.65   -1.99    1.79   -2.03    2.00   -1.93    0.72   -0.74    1.28   -1.19
2017 09 07 20 40 00     3.55   -4.01    1.65   -1.86    1.90   -2.15    1.82   -2.00    0.49   -0.69    1.33   -1.31
2017 09 07 20 42 00     3.77   -4.24    1.64   -1.90    2.13   -2.34    2.08   -2.13    0.60   -0.79    1.48   -1.34
2017 09 07 20 44 00     3.34   -3.94    1.35   -1.64    1.99   -2.30    2.38   -2.39    0.64   -0.78    1.74   -1.61
2017 09 07 20 46 00     3.28   -3.87    1.53   -1.82    1.75   -2.05    2.30   -2.32    0.60   -0.70    1.70   -1.62
2017 09 07 20 48 00     3.58   -4.05    1.53   -1.79    2.05   -2.26    2.09   -2.21    0.66   -0.84    1.43   -1.37
2017 09 07 20 50 00     3.31   -3.70    1.56   -1.75    1.75   -1.95    2.25   -2.30    0.77   -0.90    1.48   -1.39
2017 09 07 20 52 00     3.27   -3.63    1.65   -1.71    1.62   -1.91    2.11   -2.43    0.69   -1.01    1.41   -1.42
2017 09 07 20 54 00     3.54   -3.94    1.89   -1.98    1.65   -1.97    2.22   -2.38    0.80   -1.04    1.42   -1.35
2017 09 07 20 56 00     3.45   -3.60    1.76   -1.57    1.70   -2.03    2.30   -2.52    0.93   -1.24    1.37   -1.27
2017 09 07 20 58 00     3.63   -3.79    2.02   -1.98    1.62   -1.81    2.56   -2.66    1.26   -1.45    1.29   -1.21
2017 09 07 21 00 00     3.66   -4.09    2.03   -2.16    1.63   -1.93    2.46   -2.41    1.24   -1.31    1.22   -1.11
2017 09 07 21 02 00     3.80   -4.06    2.09   -2.23    1.71   -1.83    2.63   -2.48    1.49   -1.41    1.14   -1.07
2017 09 07 21 04 00     3.77   -4.17    2.07   -2.36    1.70   -1.82    2.50   -2.48    1.29   -1.35    1.21   -1.13
2017 09 07 21 06 00     3.53   -4.14    1.88   -2.31    1.65   -1.82    2.58   -2.60    1.39   -1.41    1.19   -1.19
2017 09 07 21 08 00     3.63   -4.26    1.95   -2.34    1.69   -1.92    2.74   -2.76    1.59   -1.55    1.15   -1.21
2017 09 07 21 10 00     3.83   -4.48    1.98   -2.33    1.85   -2.15    2.64   -2.71    1.61   -1.66    1.03   -1.05
2017 09 07 21 12 00     3.79   -4.35    1.99   -2.30    1.81   -2.05    2.59   -2.77    1.41   -1.69    1.17   -1.08
2017 09 07 21 14 00     3.97   -4.30    1.97   -2.19    2.00   -2.11    2.53   -2.55    1.35   -1.56    1.17   -0.99
2017 09 07 21 16 00     4.09   -4.28    1.96   -2.15    2.13   -2.14    2.55   -2.54    1.42   -1.55    1.14   -0.99
2017 09 07 21 18 00     4.05   -4.36    1.96   -2.25    2.09   -2.11    2.78   -2.80    1.60   -1.80    1.19   -1.00
2017 09 07 21 20 00     4.45   -4.80    2.38   -2.60    2.07   -2.20    2.83   -2.86    1.53   -1.83    1.30   -1.03
2017 09 07 21 22 00     4.17   -4.69    2.08   -2.51    2.09   -2.18    2.63   -2.79    1.42   -1.76    1.22   -1.03
2017 09 07 21 24 00     4.39   -4.96    2.15   -2.74    2.24   -2.22    2.93   -3.09    1.63   -2.09    1.30   -1.00
2017 09 07 21 26 00     4.55   -5.21    2.24   -2.95    2.30   -2.26    3.39   -3.54    1.94   -2.38    1.45   -1.17
2017 09 07 21 28 00     4.51   -5.02    2.19   -2.68    2.32   -2.33    3.73   -4.24    2.05   -2.66    1.67   -1.58
2017 09 07 21 30 00     4.92   -5.22    2.27   -2.78    2.65   -2.44    3.43   -3.99    1.66   -2.40    1.77   -1.59
2017 09 07 21 32 00     5.04   -5.46    2.44   -2.88    2.59   -2.58    3.81   -4.27    1.88   -2.62    1.93   -1.65
2017 09 07 21 34 00     4.85   -5.03    2.28   -2.56    2.57   -2.46    3.65   -4.09    1.75   -2.51    1.90   -1.58
2017 09 07 21 36 00     4.89   -4.91    2.34   -2.53    2.56   -2.38    3.65   -3.96    1.83   -2.47    1.82   -1.49
2017 09 07 21 38 00     5.16   -5.29    2.39   -2.74    2.77   -2.55    4.39   -4.53    2.05   -2.60    2.34   -1.94
2017 09 07 21 40 00     5.08   -5.26    2.46   -2.81    2.62   -2.44    4.19   -4.42    1.85   -2.50    2.33   -1.91
2017 09 07 21 42 00     5.06   -5.26    2.43   -2.82    2.63   -2.44    3.96   -4.32    1.61   -2.33    2.35   -1.99
2017 09 07 21 44 00     5.32   -5.53    2.53   -2.98    2.79   -2.55    3.98   -4.39    1.45   -2.31    2.53   -2.08
2017 09 07 21 46 00     5.27   -5.59    2.54   -2.85    2.73   -2.74    4.08   -4.18    1.62   -2.26    2.46   -1.92
2017 09 07 21 48 00     5.63   -6.07    2.63   -3.09    3.00   -2.98    4.29   -4.51    1.73   -2.35    2.56   -2.17
2017 09 07 21 50 00     5.75   -6.00    2.62   -2.94    3.13   -3.06    4.46   -4.65    1.86   -2.46    2.60   -2.19
2017 09 07 21 52 00     5.76   -5.92    2.61   -2.92    3.15   -3.00    4.22   -4.44    1.70   -2.43    2.51   -2.01
2017 09 07 21 54 00     5.88   -6.04    2.69   -2.94    3.19   -3.09    4.34   -4.63    1.80   -2.51    2.54   -2.12
2017 09 07 21 56 00     5.82   -5.82    2.66   -2.88    3.16   -2.94    4.11   -4.56    1.67   -2.36    2.45   -2.20
2017 09 07 21 58 00     6.00   -6.21    2.70   -3.00    3.30   -3.21    4.80   -4.83    1.88   -2.53    2.92   -2.30
2017 09 07 22 00 00     5.76   -5.94    2.69   -3.02    3.07   -2.92    4.59   -4.81    1.82   -2.45    2.77   -2.36
2017 09 07 22 02 00     5.92   -6.11    2.80   -2.98    3.12   -3.13    4.70   -4.88    1.82   -2.45    2.88   -2.43
2017 09 07 22 04 00     5.97   -6.11    2.68   -2.92    3.29   -3.18    5.08   -5.19    2.13   -2.80    2.96   -2.38
2017 09 07 22 06 00     6.26   -6.15    2.83   -2.95    3.42   -3.21    5.00   -4.78    2.11   -2.54    2.88   -2.24
2017 09 07 22 08 00     5.89   -5.83    2.82   -2.87    3.07   -2.96    5.17   -5.14    2.25   -2.90    2.91   -2.24
2017 09 07 22 10 00     6.01   -6.08    2.90   -3.00    3.11   -3.09    5.01   -5.25    2.13   -2.77    2.88   -2.48
2017 09 07 22 12 00     6.07   -6.19    3.04   -3.13    3.03   -3.06    4.65   -4.89    2.09   -2.76    2.56   -2.13
2017 09 07 22 14 00     5.64   -5.79    2.81   -2.88    2.84   -2.92    4.84   -4.87    2.01   -2.64    2.83   -2.23
2017 09 07 22 16 00     5.60   -6.09    2.80   -3.03    2.80   -3.06    4.89   -4.88    2.04   -2.66    2.84   -2.22
2017 09 07 22 18 00     5.76   -6.05    2.84   -2.98    2.93   -3.08    4.93   -5.17    2.21   -2.95    2.72   -2.22
2017 09 07 22 20 00     5.62   -5.80    2.74   -2.93    2.88   -2.87    4.77   -4.90    2.07   -2.70    2.71   -2.20
2017 09 07 22 22 00     5.78   -5.83    2.85   -2.83    2.93   -3.00    4.63   -4.88    1.96   -2.73    2.67   -2.15
2017 09 07 22 24 00     5.93   -6.05    2.92   -2.94    3.02   -3.11    4.76   -5.06    2.05   -2.85    2.71   -2.21
2017 09 07 22 26 00     5.95   -6.16    2.88   -3.07    3.08   -3.09    5.00   -5.54    2.20   -3.37    2.80   -2.17
2017 09 07 22 28 00     5.98   -6.20    2.87   -3.12    3.11   -3.08    5.63   -6.10    2.76   -3.96    2.87   -2.15
2017 09 07 22 30 00     6.37   -6.38    3.00   -3.38    3.37   -3.00    5.78   -6.24    2.94   -4.17    2.83   -2.07
2017 09 07 22 32 00     6.16   -6.22    2.81   -3.42    3.35   -2.79    6.43   -6.66    3.35   -4.45    3.09   -2.21
2017 09 07 22 34 00     5.88   -5.86    2.91   -3.39    2.97   -2.47    6.20   -6.25    3.25   -4.28    2.95   -1.97
2017 09 07 22 36 00     5.83   -6.08    2.98   -3.57    2.85   -2.50    5.17   -5.32    2.38   -3.58    2.79   -1.74
2017 09 07 22 38 00     7.13   -7.12    3.45   -3.73    3.68   -3.39    5.03   -5.27    2.42   -3.64    2.61   -1.63
2017 09 07 22 40 00     6.86   -7.29    3.34   -3.91    3.52   -3.38    5.00   -5.46    2.38   -3.75    2.62   -1.71
2017 09 07 22 42 00     6.74   -7.22    3.20   -3.95    3.54   -3.26    5.01   -5.51    2.38   -3.80    2.63   -1.71
2017 09 07 22 44 00     6.73   -7.50    3.26   -4.18    3.47   -3.32    4.73   -5.44    2.16   -3.72    2.57   -1.72
2017 09 07 22 46 00     6.60   -6.98    3.18   -3.97    3.42   -3.01    4.95   -5.60    2.22   -3.57    2.73   -2.04
2017 09 07 22 48 00     6.45   -6.76    3.40   -4.16    3.04   -2.61    4.94   -5.51    2.16   -3.51    2.78   -2.00
2017 09 07 22 50 00     6.60   -6.88    3.57   -4.15    3.03   -2.73    5.27   -5.78    2.39   -3.81    2.89   -1.97
2017 09 07 22 52 00     8.00   -8.12    4.23   -4.88    3.78   -3.24    5.31   -5.61    2.28   -3.62    3.03   -2.00
2017 09 07 22 54 00     8.21   -8.13    4.51   -4.64    3.70   -3.49    5.68   -6.00    2.61   -3.85    3.08   -2.15
2017 09 07 22 56 00     7.75   -7.50    4.11   -4.33    3.64   -3.16    5.88   -6.34    2.88   -4.14    3.00   -2.21
2017 09 07 22 58 00     8.11   -7.97    4.33   -4.40    3.78   -3.57    6.03   -6.54    3.09   -4.25    2.94   -2.29
2017 09 07 23 00 00     8.57   -8.53    4.40   -4.48    4.17   -4.05    6.41   -6.86    3.07   -4.24    3.34   -2.63
2017 09 07 23 02 00     8.92   -8.67    4.39   -4.57    4.53   -4.10    6.80   -7.51    3.65   -4.67    3.15   -2.84
2017 09 07 23 04 00     9.78  -10.10    5.00   -5.57    4.78   -4.53    8.00   -8.67    4.13   -5.34    3.87   -3.32
2017 09 07 23 06 00     9.80   -9.91    4.96   -5.36    4.85   -4.56   10.25  -11.31    5.31   -6.76    4.95   -4.56
2017 09 07 23 08 00    10.28  -10.50    5.19   -5.86    5.09   -4.63   10.63  -11.65    5.26   -6.75    5.36   -4.90
2017 09 07 23 10 00    10.31  -10.57    5.28   -5.91    5.03   -4.66   10.12  -11.29    4.87   -6.46    5.26   -4.83
2017 09 07 23 12 00     9.82   -9.98    4.65   -5.04    5.17   -4.93   11.32  -11.93    6.18   -7.19    5.13   -4.74
2017 09 07 23 14 00     9.89  -10.05    4.53   -4.74    5.36   -5.31    9.64  -10.39    5.15   -6.37    4.49   -4.01
2017 09 07 23 16 00    10.11  -10.45    4.76   -4.80    5.35   -5.65    9.98  -10.43    5.23   -6.05    4.75   -4.38
2017 09 07 23 18 00    11.39  -11.60    5.44   -5.25    5.95   -6.35   11.02  -11.84    5.86   -6.89    5.16   -4.95
2017 09 07 23 20 00    11.82  -11.91    5.70   -5.48    6.12   -6.43   12.35  -13.09    6.12   -7.27    6.24   -5.82
2017 09 07 23 22 00    11.83  -11.77    5.71   -5.50    6.12   -6.27   12.21  -13.26    5.78   -7.04    6.44   -6.22
2017 09 07 23 24 00    11.57  -11.32    5.45   -5.37    6.11   -5.95   12.48  -13.78    6.28   -7.82    6.21   -5.95
2017 09 07 23 26 00    12.91  -12.92    5.67   -6.11    7.24   -6.81   10.73  -11.42    5.04   -6.78    5.69   -4.64
2017 09 07 23 28 00    12.43  -12.30    5.61   -6.12    6.82   -6.18   10.15  -10.76    4.32   -6.10    5.83   -4.65
2017 09 07 23 30 00    12.53  -12.43    5.90   -6.39    6.63   -6.03   10.70  -11.51    4.64   -6.33    6.06   -5.18
2017 09 07 23 32 00    12.64  -12.63    5.98   -7.09    6.67   -5.54    9.94  -10.93    4.00   -6.24    5.94   -4.69
2017 09 07 23 34 00    13.95  -13.67    6.54   -7.89    7.42   -5.78    9.90  -10.34    4.21   -6.10    5.68   -4.24
2017 09 07 23 36 00    12.77  -12.53    5.66   -6.88    7.11   -5.65    9.85  -10.14    4.28   -6.09    5.57   -4.05
2017 09 07 23 38 00    13.75  -13.40    6.38   -7.50    7.36   -5.90    9.32  -10.10    3.88   -6.15    5.45   -3.94
2017 09 07 23 40 00    13.43  -12.98    6.76   -7.46    6.68   -5.52   10.59  -11.28    4.75   -6.55    5.84   -4.73
2017 09 07 23 42 00    13.61  -13.41    6.88   -7.64    6.73   -5.77   11.04  -11.60    4.90   -6.72    6.14   -4.88
2017 09 07 23 44 00    13.95  -13.60    7.34   -8.19    6.61   -5.41   11.73  -12.21    5.20   -6.74    6.53   -5.47
2017 09 07 23 46 00    14.19  -14.25    7.42   -8.37    6.76   -5.88   12.30  -12.88    5.87   -7.25    6.43   -5.62
2017 09 07 23 48 00    14.05  -13.66    6.74   -7.56    7.31   -6.10   11.96  -12.74    5.73   -7.14    6.23   -5.60
2017 09 07 23 50 00  9999.00 9999.00 9999.00 9999.00 9999.00 9999.00   11.29  -12.06    5.33   -6.66    5.96   -5.41
